3.500000000000000000e+03 2.069578973190784073e+10
3.800000000000000000e+03 1.830299625986817169e+10
4.100000000000000000e+03 1.618685135616066742e+10
4.400000000000000000e+03 1.431536963163470078e+10
4.700000000000000000e+03 1.266026376478297424e+10
5.000000000000000000e+03 1.119651694076262856e+10
5.300000000000000000e+03 9.902004723906589508e+09
5.600000000000000000e+03 8.757160648353382111e+09
5.900000000000000000e+03 7.744680472219947815e+09
6.200000000000000000e+03 6.849260625139165878e+09
6.500000000000000000e+03 6.057366895813933372e+09
6.800000000000000000e+03 5.357029863315649986e+09
7.100000000000000000e+03 4.545730770079734802e+09
7.400000000000000000e+03 4.020165181465013981e+09
7.700000000000000000e+03 3.555364121571182728e+09
8.000000000000000000e+03 3.144302153363056660e+09
8.300000000000000000e+03 2.780766102593864441e+09
8.600000000000000000e+03 2.459261146090693951e+09
8.900000000000000000e+03 2.174927757868541241e+09
9.200000000000000000e+03 1.923468257718991518e+09
9.500000000000000000e+03 1.701081852060373783e+09
9.800000000000000000e+03 1.504407185196140289e+09
1.010000000000000000e+04 2.382136183376971722e+09
1.040000000000000000e+04 2.106719783088272095e+09
1.070000000000000000e+04 1.863146311880331278e+09
1.100000000000000000e+04 1.647734172973223686e+09
1.130000000000000000e+04 1.457227426247422457e+09
1.160000000000000000e+04 1.288746574925951004e+09
1.190000000000000000e+04 1.139745042172553301e+09
1.220000000000000000e+04 1.007970679752576351e+09
1.250000000000000000e+04 8.914317269625388384e+08
1.280000000000000000e+04 7.883667052998756170e+08
1.310000000000000000e+04 1.283997877324434280e+09
1.340000000000000000e+04 1.135545376657698154e+09
1.370000000000000000e+04 1.004256568660086870e+09
1.400000000000000000e+04 8.881470317508478165e+08
1.430000000000000000e+04 7.854617780198260546e+08
1.460000000000000000e+04 6.946487267022020817e+08
1.490000000000000000e+04 6.143352445811947584e+08
1.520000000000000000e+04 5.433073987284982204e+08
1.550000000000000000e+04 4.804916079889894128e+08
1.580000000000000000e+04 4.249384158731396794e+08
1.610000000000000000e+04 3.758081395854712725e+08
1.640000000000000000e+04 3.323581782750754952e+08
1.670000000000000000e+04 2.939317886732574701e+08
1.700000000000000000e+04 2.652743366784519553e+08
1.730000000000000000e+04 2.346040066583693027e+08
1.760000000000000000e+04 2.074797005594811141e+08
1.790000000000000000e+04 1.834914363032947481e+08
1.820000000000000000e+04 1.622766328747120500e+08
1.850000000000000000e+04 1.435146299341559112e+08
1.880000000000000000e+04 1.269218410579142570e+08
1.910000000000000000e+04 1.122474673482506275e+08
1.940000000000000000e+04 9.926970662478391826e+07
1.970000000000000000e+04 8.779240089931748807e+07
2.000000000000000000e+04 7.764207146092449129e+07
2.030000000000000000e+04 6.866529675679668784e+07
2.060000000000000000e+04 6.072639343570157140e+07
2.090000000000000000e+04 5.370536550317319483e+07
2.120000000000000000e+04 4.749609059005533159e+07
2.150000000000000000e+04 4.200471591996622086e+07
2.180000000000000000e+04 3.714823973083990812e+07
2.210000000000000000e+04 3.285325670882579312e+07
2.240000000000000000e+04 2.905484847186332941e+07
2.270000000000000000e+04 2.569560233266478777e+07
2.300000000000000000e+04 2.272474350977417454e+07
2.330000000000000000e+04 2.009736767013033107e+07
2.360000000000000000e+04 1.777376220306629688e+07
2.390000000000000000e+04 1.545815849931950495e+07
2.420000000000000000e+04 1.367092635084538907e+07
2.450000000000000000e+04 1.209032934281700477e+07
2.480000000000000000e+04 1.069247685682564601e+07
2.510000000000000000e+04 9.456240445730779320e+06
2.540000000000000000e+04 8.362934478590167128e+06
2.570000000000000000e+04 7.396033708593744785e+06
2.600000000000000000e+04 6.540923495059645735e+06
2.630000000000000000e+04 5.784678904114676639e+06
2.660000000000000000e+04 5.115869349180383608e+06
2.690000000000000000e+04 4.524385818418869749e+06
2.720000000000000000e+04 4.001288077692859806e+06
2.750000000000000000e+04 3.538669539522636682e+06
2.780000000000000000e+04 3.129537755543360952e+06
2.810000000000000000e+04 2.767708726114223246e+06
2.840000000000000000e+04 2.447713429576057009e+06
2.870000000000000000e+04 2.164715158353597391e+06
2.900000000000000000e+04 1.914436412442882312e+06
2.930000000000000000e+04 1.693094245283837197e+06
2.960000000000000000e+04 1.497343084775228286e+06
2.990000000000000000e+04 1.324224165175363189e+06
3.020000000000000000e+04 1.171120805555140600e+06
3.050000000000000000e+04 1.035718858840258094e+06
3.080000000000000000e+04 9.159717336324462667e+05
3.110000000000000000e+04 8.100694601169074886e+05
3.140000000000000000e+04 7.164113324892394012e+05
3.170000000000000000e+04 6.335817143938934896e+05
3.200000000000000000e+04 5.603286416750462959e+05
3.230000000000000000e+04 4.955448990218350082e+05
3.260000000000000000e+04 4.382512844827439403e+05
3.290000000000000000e+04 3.875818088933895342e+05
3.320000000000000000e+04 3.427706065080275293e+05
3.350000000000000000e+04 3.031403589898584178e+05
3.380000000000000000e+04 2.680920577895238530e+05
3.410000000000000000e+04 2.370959501708120515e+05
3.440000000000000000e+04 2.096835320333638520e+05
3.470000000000000000e+04 1.854404665044310968e+05
3.500000000000000000e+04 1.640003212646637985e+05
3.530000000000000000e+04 1.450390299480302201e+05
3.560000000000000000e+04 1.282699939002999890e+05
3.590000000000000000e+04 1.134397502594880498e+05
