3.500000000000000000e+03 6.495382781529631302e+02
3.800000000000000000e+03 5.744403489636225686e+02
4.100000000000000000e+03 5.080250473548525747e+02
4.400000000000000000e+03 4.492885104702911008e+02
4.700000000000000000e+03 3.973429394704917286e+02
5.000000000000000000e+03 3.514031805126489871e+02
5.300000000000000000e+03 3.107748572026047214e+02
5.600000000000000000e+03 2.748438751419408845e+02
5.900000000000000000e+03 2.430671399320835633e+02
6.200000000000000000e+03 2.149643483386736023e+02
6.500000000000000000e+03 1.901107285401976128e+02
6.800000000000000000e+03 1.681306197302229464e+02
7.100000000000000000e+03 3.002144231966183270e+02
7.400000000000000000e+03 2.655044110954854091e+02
7.700000000000000000e+03 2.348074804686951609e+02
8.000000000000000000e+03 2.076596492561782270e+02
8.300000000000000000e+03 1.836505797989179598e+02
8.600000000000000000e+03 1.624173766125884697e+02
8.900000000000000000e+03 1.436391012465010988e+02
9.200000000000000000e+03 1.270319213203166697e+02
9.500000000000000000e+03 1.123448204165383117e+02
9.800000000000000000e+03 9.935580398409410918e+01
1.010000000000000000e+04 4.289684434063215868e+00
1.040000000000000000e+04 3.793722257992614644e+00
1.070000000000000000e+04 3.355101940950018680e+00
1.100000000000000000e+04 2.967193766083152884e+00
1.130000000000000000e+04 2.624134527188089372e+00
1.160000000000000000e+04 2.320738906738348373e+00
1.190000000000000000e+04 2.052421100156145428e+00
1.220000000000000000e+04 1.815125501681905673e+00
1.250000000000000000e+04 1.605265404163567666e+00
1.280000000000000000e+04 1.419668786217082479e+00
1.310000000000000000e+04 2.795290146022995637e-01
1.340000000000000000e+04 2.472105957330331671e-01
1.370000000000000000e+04 2.186287485384292295e-01
1.400000000000000000e+04 1.933514603034985624e-01
1.430000000000000000e+04 1.709966665016339205e-01
1.460000000000000000e+04 1.512264759147615989e-01
1.490000000000000000e+04 1.337420634301045574e-01
1.520000000000000000e+04 1.182791533185237054e-01
1.550000000000000000e+04 1.046040247244890697e-01
1.580000000000000000e+04 9.250997899092906762e-02
1.610000000000000000e+04 8.181421542280861714e-02
1.640000000000000000e+04 7.235506826680897230e-02
1.670000000000000000e+04 6.398956314424390779e-02
1.700000000000000000e+04 1.702931042201679540e-02
1.730000000000000000e+04 1.506042576774743388e-02
1.760000000000000000e+04 1.331917844498185094e-02
1.790000000000000000e+04 1.177924961651350029e-02
1.820000000000000000e+04 1.041736336075664571e-02
1.850000000000000000e+04 9.212934857743160233e-03
1.880000000000000000e+04 8.147759250941017176e-03
1.910000000000000000e+04 7.205736482061379441e-03
1.940000000000000000e+04 6.372627939750871370e-03
1.970000000000000000e+04 5.635841243930118233e-03
2.000000000000000000e+04 4.984239912808329474e-03
2.030000000000000000e+04 4.407975035703396577e-03
2.060000000000000000e+04 3.898336407413536576e-03
2.090000000000000000e+04 3.447620874046268720e-03
2.120000000000000000e+04 3.049015900360871334e-03
2.150000000000000000e+04 2.696496598752366313e-03
2.180000000000000000e+04 2.384734663476991996e-03
2.210000000000000000e+04 2.109017833666100052e-03
2.240000000000000000e+04 1.865178667817254509e-03
2.270000000000000000e+04 1.649531553193745890e-03
2.300000000000000000e+04 1.458816998033758867e-03
2.330000000000000000e+04 1.290152364549684199e-03
2.360000000000000000e+04 1.140988298050133734e-03
2.390000000000000000e+04 7.858360123359041513e-04
2.420000000000000000e+04 6.949796930183570849e-04
2.450000000000000000e+04 6.146279454312322940e-04
2.480000000000000000e+04 5.435662582662548377e-04
2.510000000000000000e+04 4.807205388591206463e-04
2.540000000000000000e+04 4.251408783504870823e-04
2.570000000000000000e+04 3.759871938768833961e-04
2.600000000000000000e+04 3.325165307742298918e-04
2.630000000000000000e+04 2.940718328676226036e-04
2.660000000000000000e+04 2.600720111110497697e-04
2.690000000000000000e+04 2.300031604651949510e-04
2.720000000000000000e+04 2.034107922570319569e-04
2.750000000000000000e+04 1.798929646138261169e-04
2.780000000000000000e+04 1.590942071385225396e-04
2.810000000000000000e+04 1.407001479983939539e-04
2.840000000000000000e+04 1.244327622157428916e-04
2.870000000000000000e+04 1.100461693389003610e-04
2.900000000000000000e+04 9.732291697558908921e-05
2.930000000000000000e+04 8.607069401450947045e-05
2.960000000000000000e+04 7.611942385571386735e-05
2.990000000000000000e+04 6.731869371413544694e-05
3.020000000000000000e+04 5.953548114036849836e-05
3.050000000000000000e+04 5.265214339521432583e-05
3.080000000000000000e+04 4.656463928752016166e-05
3.110000000000000000e+04 4.118095659851028610e-05
3.140000000000000000e+04 3.641972132323386156e-05
3.170000000000000000e+04 3.220896770790395623e-05
3.200000000000000000e+04 2.848505049232713917e-05
3.230000000000000000e+04 2.519168291603815545e-05
3.260000000000000000e+04 2.227908594766758374e-05
3.290000000000000000e+04 1.970323587820151719e-05
3.320000000000000000e+04 1.742519890555433668e-05
3.350000000000000000e+04 1.541054265274557726e-05
3.380000000000000000e+04 1.362881572481744835e-05
3.410000000000000000e+04 1.205308743802990642e-05
3.440000000000000000e+04 1.065954076437114043e-05
3.470000000000000000e+04 9.427112338767067523e-06
3.500000000000000000e+04 8.337174087722285434e-06
3.530000000000000000e+04 7.373251667230953165e-06
3.560000000000000000e+04 6.520775454165504734e-06
3.590000000000000000e+04 5.766860327394188361e-06
