3.500000000000000000e+03 2.061716886018861389e+10
3.800000000000000000e+03 1.823346532919747543e+10
4.100000000000000000e+03 1.612535941115656281e+10
4.400000000000000000e+03 1.426098722564770508e+10
4.700000000000000000e+03 1.261216891137189484e+10
5.000000000000000000e+03 1.115398268942431259e+10
5.300000000000000000e+03 9.864388172267530441e+09
5.600000000000000000e+03 8.723893224743188858e+09
5.900000000000000000e+03 7.715259341748464584e+09
6.200000000000000000e+03 6.823241089380623817e+09
6.500000000000000000e+03 6.034355671219886780e+09
6.800000000000000000e+03 5.336679136760360718e+09
7.100000000000000000e+03 4.681936951113192558e+09
7.400000000000000000e+03 4.140623557507688522e+09
7.700000000000000000e+03 3.661895412946824551e+09
8.000000000000000000e+03 3.238516573439093590e+09
8.300000000000000000e+03 2.864087696049114227e+09
8.600000000000000000e+03 2.532949313255750656e+09
8.900000000000000000e+03 2.240096290477818012e+09
9.200000000000000000e+03 1.981102173798536777e+09
9.500000000000000000e+03 1.752052284409670353e+09
9.800000000000000000e+03 1.549484548502297401e+09
1.010000000000000000e+04 2.507920299719856262e+09
1.040000000000000000e+04 2.217961066498935699e+09
1.070000000000000000e+04 1.961526166941828251e+09
1.100000000000000000e+04 1.734739604636495590e+09
1.130000000000000000e+04 1.534173515812001228e+09
1.160000000000000000e+04 1.356796357406136036e+09
1.190000000000000000e+04 1.199927085494117737e+09
1.220000000000000000e+04 1.061194631488399982e+09
1.250000000000000000e+04 9.385020635950313807e+08
1.280000000000000000e+04 8.299948918293793201e+08
1.310000000000000000e+04 1.256267244375538111e+09
1.340000000000000000e+04 1.111020887487569571e+09
1.370000000000000000e+04 9.825675372498000860e+08
1.400000000000000000e+04 8.689656298364958763e+08
1.430000000000000000e+04 7.684980799901665449e+08
1.460000000000000000e+04 6.796463273923705816e+08
1.490000000000000000e+04 6.010673837257308960e+08
1.520000000000000000e+04 5.315735334950491190e+08
1.550000000000000000e+04 4.701143817867679596e+08
1.580000000000000000e+04 4.157609776198784113e+08
1.610000000000000000e+04 3.676917729137691855e+08
1.640000000000000000e+04 3.251802048437524438e+08
1.670000000000000000e+04 2.875837138924054503e+08
1.700000000000000000e+04 2.712574288152554631e+08
1.730000000000000000e+04 2.398953492174563408e+08
1.760000000000000000e+04 2.121592718308947384e+08
1.790000000000000000e+04 1.876299676948471963e+08
1.820000000000000000e+04 1.659366780124990940e+08
1.850000000000000000e+04 1.467515101564448774e+08
1.880000000000000000e+04 1.297844815934844613e+08
1.910000000000000000e+04 1.147791368179644793e+08
1.940000000000000000e+04 1.015086710439070314e+08
1.970000000000000000e+04 8.977250206578841805e+07
2.000000000000000000e+04 7.939323847187466919e+07
2.030000000000000000e+04 7.021399838485826552e+07
2.060000000000000000e+04 6.209603820274133980e+07
2.090000000000000000e+04 5.491665549854008108e+07
2.120000000000000000e+04 4.856733438128087670e+07
2.150000000000000000e+04 4.295210528554231673e+07
2.180000000000000000e+04 3.798609439787123352e+07
2.210000000000000000e+04 3.359424079475049675e+07
2.240000000000000000e+04 2.971016190174379572e+07
2.270000000000000000e+04 2.627515012530840933e+07
2.300000000000000000e+04 2.323728549143225700e+07
2.330000000000000000e+04 2.055065087868796661e+07
2.360000000000000000e+04 1.817463798400353268e+07
2.390000000000000000e+04 1.544980245008727163e+07
2.420000000000000000e+04 1.366353640632884763e+07
2.450000000000000000e+04 1.208379380449742079e+07
2.480000000000000000e+04 1.068669694047700241e+07
2.510000000000000000e+04 9.451128788302769884e+06
2.540000000000000000e+04 8.358413817721533589e+06
2.570000000000000000e+04 7.392035714796811342e+06
2.600000000000000000e+04 6.537387738924697042e+06
2.630000000000000000e+04 5.781551942923435941e+06
2.660000000000000000e+04 5.113103919122897089e+06
2.690000000000000000e+04 4.521940120204171166e+06
2.720000000000000000e+04 3.999125144755471032e+06
2.750000000000000000e+04 3.536756679275399074e+06
2.780000000000000000e+04 3.127846055231153034e+06
2.810000000000000000e+04 2.766212615799601190e+06
2.840000000000000000e+04 2.446390295651351567e+06
2.870000000000000000e+04 2.163545001737739425e+06
2.900000000000000000e+04 1.913401546296630055e+06
2.930000000000000000e+04 1.692179027674377430e+06
2.960000000000000000e+04 1.496533682249404723e+06
2.990000000000000000e+04 1.323508343667956535e+06
3.020000000000000000e+04 1.170487745471784379e+06
3.050000000000000000e+04 1.035158991519994801e+06
3.080000000000000000e+04 9.154765967180525186e+05
3.110000000000000000e+04 8.096315696469293907e+05
3.140000000000000000e+04 7.160240697784144431e+05
3.170000000000000000e+04 6.332392259921636432e+05
3.200000000000000000e+04 5.600257508930508047e+05
3.230000000000000000e+04 4.952770276855959091e+05
3.260000000000000000e+04 4.380143837348709931e+05
3.290000000000000000e+04 3.873722979948712164e+05
3.320000000000000000e+04 3.425853187155994237e+05
3.350000000000000000e+04 3.029764936908897944e+05
3.380000000000000000e+04 2.679471381709446432e+05
3.410000000000000000e+04 2.369677857822480728e+05
3.440000000000000000e+04 2.095701856786259450e+05
3.470000000000000000e+04 1.853402249609233404e+05
3.500000000000000000e+04 1.639116693881385436e+05
3.530000000000000000e+04 1.449606277712836745e+05
3.560000000000000000e+04 1.282006563796569972e+05
3.590000000000000000e+04 1.133784293629464373e+05
