3.500000000000000000e+03 6.909598936944578327e+02
3.800000000000000000e+03 6.110729048677256969e+02
4.100000000000000000e+03 5.404222422620122188e+02
4.400000000000000000e+03 4.779400258218292947e+02
4.700000000000000000e+03 4.226818410109460729e+02
5.000000000000000000e+03 3.738124640496319557e+02
5.300000000000000000e+03 3.305932375629040507e+02
5.600000000000000000e+03 2.923709058235461953e+02
5.900000000000000000e+03 2.585677408353400892e+02
6.200000000000000000e+03 2.286728100129147379e+02
6.500000000000000000e+03 2.022342534697801284e+02
6.800000000000000000e+03 1.788524541862649073e+02
7.100000000000000000e+03 1.740516656969086569e+02
7.400000000000000000e+03 1.539282640354055047e+02
7.700000000000000000e+03 1.361314778234515188e+02
8.000000000000000000e+03 1.203923098238431493e+02
8.300000000000000000e+03 1.064728635614891772e+02
8.600000000000000000e+03 9.416274753404846365e+01
8.900000000000000000e+03 8.327589515839768808e+01
9.200000000000000000e+03 7.364775238663088430e+01
9.500000000000000000e+03 6.513279048259539650e+01
9.800000000000000000e+03 5.760230636474607024e+01
1.010000000000000000e+04 3.568498004877499685e+00
1.040000000000000000e+04 3.155917531183718872e+00
1.070000000000000000e+04 2.791038540590309758e+00
1.100000000000000000e+04 2.468345911478449839e+00
1.130000000000000000e+04 2.182962166270820958e+00
1.160000000000000000e+04 1.930573748683198643e+00
1.190000000000000000e+04 1.707365824608755966e+00
1.220000000000000000e+04 1.509964621154856967e+00
1.250000000000000000e+04 1.335386432290685210e+00
1.280000000000000000e+04 1.180992520329494866e+00
1.310000000000000000e+04 1.864630696250222930e-01
1.340000000000000000e+04 1.649046936676482888e-01
1.370000000000000000e+04 1.458388411619909453e-01
1.400000000000000000e+04 1.289773330184178501e-01
1.430000000000000000e+04 1.140653086653802412e-01
1.460000000000000000e+04 1.008773738488647487e-01
1.490000000000000000e+04 8.921419381326928244e-02
1.520000000000000000e+04 7.889948036986046964e-02
1.550000000000000000e+04 6.977732731255262277e-02
1.580000000000000000e+04 6.170985390599609266e-02
1.610000000000000000e+04 5.457512082745429038e-02
1.640000000000000000e+04 4.826528706206890951e-02
1.670000000000000000e+04 4.268497989310965357e-02
1.700000000000000000e+04 2.532884776042370820e-02
1.730000000000000000e+04 2.240039214889477659e-02
1.760000000000000000e+04 1.981051697141525056e-02
1.790000000000000000e+04 1.752007643732677797e-02
1.820000000000000000e+04 1.549445069064468543e-02
1.850000000000000000e+04 1.370302253324249230e-02
1.880000000000000000e+04 1.211871464794332838e-02
1.910000000000000000e+04 1.071758032667588512e-02
1.940000000000000000e+04 9.478441517578276021e-03
1.970000000000000000e+04 8.382568720155907094e-03
2.000000000000000000e+04 7.413397890130090685e-03
2.030000000000000000e+04 6.556280075012979602e-03
2.060000000000000000e+04 5.798259996167282396e-03
2.090000000000000000e+04 5.127880230633259477e-03
2.120000000000000000e+04 4.535008032944504858e-03
2.150000000000000000e+04 4.010682179355697617e-03
2.180000000000000000e+04 3.546977519543065456e-03
2.210000000000000000e+04 3.136885188485559039e-03
2.240000000000000000e+04 2.774206667937300069e-03
2.270000000000000000e+04 2.453460096237503833e-03
2.300000000000000000e+04 2.169797410336910069e-03
2.330000000000000000e+04 1.918931067647984025e-03
2.360000000000000000e+04 1.697069240124530337e-03
2.390000000000000000e+04 8.642905252023559779e-04
2.420000000000000000e+04 7.643634988148838207e-04
2.450000000000000000e+04 6.759897757571042744e-04
2.480000000000000000e+04 5.978335930962731370e-04
2.510000000000000000e+04 5.287136253416084564e-04
2.540000000000000000e+04 4.675851287882561722e-04
2.570000000000000000e+04 4.135241502858323019e-04
2.600000000000000000e+04 3.657135617481472797e-04
2.630000000000000000e+04 3.234307093166599719e-04
2.660000000000000000e+04 2.860364904955785444e-04
2.690000000000000000e+04 2.529656941602377693e-04
2.720000000000000000e+04 2.237184574286339809e-04
2.750000000000000000e+04 1.978527102672829655e-04
2.780000000000000000e+04 1.749774936321325271e-04
2.810000000000000000e+04 1.547470501486777731e-04
2.840000000000000000e+04 1.368555980122910165e-04
2.870000000000000000e+04 1.210327091166321021e-04
2.900000000000000000e+04 1.070392215508472782e-04
2.930000000000000000e+04 9.466362468322940462e-05
2.960000000000000000e+04 8.371886219212130097e-05
2.990000000000000000e+04 7.403950472208250166e-05
3.020000000000000000e+04 6.547924943020973698e-05
3.050000000000000000e+04 5.790870862842026091e-05
3.080000000000000000e+04 5.121345409717142422e-05
3.110000000000000000e+04 4.529228751055000795e-05
3.140000000000000000e+04 4.005571083032316652e-05
3.170000000000000000e+04 3.542457354905590344e-05
3.200000000000000000e+04 3.132887633546826463e-05
3.230000000000000000e+04 2.770671299920909054e-05
3.260000000000000000e+04 2.450333478291559164e-05
3.290000000000000000e+04 2.167032283839587939e-05
3.320000000000000000e+04 1.916485637896615208e-05
3.350000000000000000e+04 1.694906544611437854e-05
3.380000000000000000e+04 1.498945850760219782e-05
3.410000000000000000e+04 1.325641623518763343e-05
3.440000000000000000e+04 1.172374381045317065e-05
3.470000000000000000e+04 1.036827499187178063e-05
3.500000000000000000e+04 9.169521958610478109e-06
3.530000000000000000e+04 8.109365638484150368e-06
3.560000000000000000e+04 7.171781839387507801e-06
3.590000000000000000e+04 6.342599044699478514e-06
