3.500000000000000000e+03 1.954161058557637787e+10
3.800000000000000000e+03 1.728226030960128403e+10
4.100000000000000000e+03 1.528413024611556435e+10
4.400000000000000000e+03 1.351701879241130829e+10
4.700000000000000000e+03 1.195421617666702271e+10
5.000000000000000000e+03 1.057210074152711868e+10
5.300000000000000000e+03 9.349781904325639725e+09
5.600000000000000000e+03 8.268784397321947098e+09
5.900000000000000000e+03 7.312769015260398865e+09
6.200000000000000000e+03 6.467285649372144699e+09
6.500000000000000000e+03 5.719554874944387436e+09
6.800000000000000000e+03 5.058274791167753220e+09
7.100000000000000000e+03 5.067232444277326584e+09
7.400000000000000000e+03 4.481372186174642563e+09
7.700000000000000000e+03 3.963247569923514366e+09
8.000000000000000000e+03 3.505027176489131927e+09
8.300000000000000000e+03 3.099785035171161652e+09
8.600000000000000000e+03 2.741395938018305302e+09
8.900000000000000000e+03 2.424442857718452454e+09
9.200000000000000000e+03 2.144135069591966867e+09
9.500000000000000000e+03 1.896235740107523441e+09
9.800000000000000000e+03 1.676997887425720930e+09
1.010000000000000000e+04 2.338166000777180672e+09
1.040000000000000000e+04 2.067833318831781387e+09
1.070000000000000000e+04 1.828755799652198315e+09
1.100000000000000000e+04 1.617319802473700285e+09
1.130000000000000000e+04 1.430329486293926954e+09
1.160000000000000000e+04 1.264958504949188709e+09
1.190000000000000000e+04 1.118707287080613613e+09
1.220000000000000000e+04 9.893652552796876431e+08
1.250000000000000000e+04 8.749774133580899239e+08
1.280000000000000000e+04 7.738147967106323242e+08
1.310000000000000000e+04 1.310780100045224190e+09
1.340000000000000000e+04 1.159231108327739954e+09
1.370000000000000000e+04 1.025203817534606934e+09
1.400000000000000000e+04 9.066724141001749039e+08
1.430000000000000000e+04 8.018453037632093430e+08
1.460000000000000000e+04 7.091380317390749454e+08
1.490000000000000000e+04 6.271493337912871838e+08
1.520000000000000000e+04 5.546399562159923315e+08
1.550000000000000000e+04 4.905139246048446298e+08
1.580000000000000000e+04 4.338019782648853064e+08
1.610000000000000000e+04 3.836469199077853560e+08
1.640000000000000000e+04 3.392906591699717641e+08
1.670000000000000000e+04 3.000627541273211837e+08
1.700000000000000000e+04 2.710232731666802764e+08
1.730000000000000000e+04 2.396882660369827151e+08
1.760000000000000000e+04 2.119761310700544417e+08
1.790000000000000000e+04 1.874680011932489872e+08
1.820000000000000000e+04 1.657934376572685242e+08
1.850000000000000000e+04 1.466248308791614771e+08
1.880000000000000000e+04 1.296724486453169435e+08
1.910000000000000000e+04 1.146800568283697367e+08
1.940000000000000000e+04 1.014210464254473597e+08
1.970000000000000000e+04 8.969500837819710374e+07
2.000000000000000000e+04 7.932470440322977304e+07
2.030000000000000000e+04 7.015338804728089273e+07
2.060000000000000000e+04 6.204243547501949221e+07
2.090000000000000000e+04 5.486925017901758105e+07
2.120000000000000000e+04 4.852540994171331823e+07
2.150000000000000000e+04 4.291502804082044959e+07
2.180000000000000000e+04 3.795330392791278660e+07
2.210000000000000000e+04 3.356524147378795594e+07
2.240000000000000000e+04 2.968451540697400644e+07
2.270000000000000000e+04 2.625246881167259812e+07
2.300000000000000000e+04 2.321722653238683194e+07
2.330000000000000000e+04 2.053291108440414071e+07
2.360000000000000000e+04 1.815894921867330000e+07
2.390000000000000000e+04 1.551756947696326114e+07
2.420000000000000000e+04 1.372346838551499695e+07
2.450000000000000000e+04 1.213679660386387631e+07
2.480000000000000000e+04 1.073357169380284660e+07
2.510000000000000000e+04 9.492584004359709099e+06
2.540000000000000000e+04 8.395076089336726815e+06
2.570000000000000000e+04 7.424459189761701971e+06
2.600000000000000000e+04 6.566062495901926421e+06
2.630000000000000000e+04 5.806911398953166790e+06
2.660000000000000000e+04 5.135531380692476407e+06
2.690000000000000000e+04 4.541774576900138520e+06
2.720000000000000000e+04 4.016666393068556208e+06
2.750000000000000000e+04 3.552269854004499037e+06
2.780000000000000000e+04 3.141565636978142429e+06
2.810000000000000000e+04 2.778345975127994083e+06
2.840000000000000000e+04 2.457120827478548512e+06
2.870000000000000000e+04 2.173034897336977068e+06
2.900000000000000000e+04 1.921794244807264768e+06
2.930000000000000000e+04 1.699601384174912469e+06
2.960000000000000000e+04 1.503097885163549567e+06
2.990000000000000000e+04 1.329313610485166777e+06
3.020000000000000000e+04 1.175621822413004469e+06
3.050000000000000000e+04 1.039699479815938161e+06
3.080000000000000000e+04 9.194921255466287257e+05
3.110000000000000000e+04 8.131828334586945130e+05
3.140000000000000000e+04 7.191647456891444745e+05
3.170000000000000000e+04 6.360167851088824682e+05
3.200000000000000000e+04 5.624821758366464637e+05
3.230000000000000000e+04 4.974494471553374897e+05
3.260000000000000000e+04 4.399356337062234525e+05
3.290000000000000000e+04 3.890714180330749368e+05
3.320000000000000000e+04 3.440879909067631816e+05
3.350000000000000000e+04 3.043054308250101749e+05
3.380000000000000000e+04 2.691224270442124689e+05
3.410000000000000000e+04 2.380071908076345571e+05
3.440000000000000000e+04 2.104894173937996966e+05
3.470000000000000000e+04 1.861531774919803138e+05
3.500000000000000000e+04 1.646306304583916790e+05
3.530000000000000000e+04 1.455964644293815945e+05
3.560000000000000000e+04 1.287629792543000221e+05
3.590000000000000000e+04 1.138757379268985533e+05
