3.500000000000000000e+03 1.494736368102349843e+03
3.800000000000000000e+03 1.321918830315842570e+03
4.100000000000000000e+03 1.169082007526260440e+03
4.400000000000000000e+03 1.033915781345725009e+03
4.700000000000000000e+03 9.143771232761262127e+02
5.000000000000000000e+03 8.086592144695689512e+02
5.300000000000000000e+03 7.151641357819318046e+02
5.600000000000000000e+03 6.324787153315305659e+02
5.900000000000000000e+03 5.593531685003293887e+02
6.200000000000000000e+03 4.946822075227554478e+02
6.500000000000000000e+03 4.374883351348034921e+02
6.800000000000000000e+03 3.869070697680550097e+02
7.100000000000000000e+03 4.525054845380687851e+01
7.400000000000000000e+03 4.001879753494486636e+01
7.700000000000000000e+03 3.539192807304365829e+01
8.000000000000000000e+03 3.130000524462837674e+01
8.300000000000000000e+03 2.768117990892809033e+01
8.600000000000000000e+03 2.448075376223604138e+01
8.900000000000000000e+03 2.165035257669554269e+01
9.200000000000000000e+03 1.914719502707064791e+01
9.500000000000000000e+03 1.693344605386721824e+01
9.800000000000000000e+03 1.497564498893080831e+01
1.010000000000000000e+04 1.164506230359340755e+00
1.040000000000000000e+04 1.029869043653806937e+00
1.070000000000000000e+04 9.107982588887649777e-01
1.100000000000000000e+04 8.054941290901279638e-01
1.130000000000000000e+04 7.123649893558956503e-01
1.160000000000000000e+04 6.300031989472693050e-01
1.190000000000000000e+04 5.571638648927205173e-01
1.220000000000000000e+04 4.927460255137159351e-01
1.250000000000000000e+04 4.357760094623389091e-01
1.280000000000000000e+04 3.853927187437752311e-01
1.310000000000000000e+04 8.647299503389042907e-02
1.340000000000000000e+04 7.647521187581150792e-02
1.370000000000000000e+04 6.763334644715535138e-02
1.400000000000000000e+04 5.981375454139473830e-02
1.430000000000000000e+04 5.289824354815281238e-02
1.460000000000000000e+04 4.678228597977662079e-02
1.490000000000000000e+04 4.137343954532921725e-02
1.520000000000000000e+04 3.658994989152487137e-02
1.550000000000000000e+04 3.235951489112887797e-02
1.580000000000000000e+04 2.861819180112441796e-02
1.610000000000000000e+04 2.530943077241460532e-02
1.640000000000000000e+04 2.238322010262294368e-02
1.670000000000000000e+04 1.979533031254602019e-02
1.700000000000000000e+04 4.311597813420013116e-03
1.730000000000000000e+04 3.813102069326422712e-03
1.760000000000000000e+04 3.372241108817229747e-03
1.790000000000000000e+04 2.982351347863523849e-03
1.820000000000000000e+04 2.637539628719782776e-03
1.850000000000000000e+04 2.332594145237388856e-03
1.880000000000000000e+04 2.062905666762137550e-03
1.910000000000000000e+04 1.824397869920162552e-03
1.940000000000000000e+04 1.613465725261887564e-03
1.970000000000000000e+04 1.426921007482206093e-03
2.000000000000000000e+04 1.261944105607539510e-03
2.030000000000000000e+04 1.116041404763936252e-03
2.060000000000000000e+04 9.870075953544831925e-04
2.090000000000000000e+04 8.728923399517570696e-04
2.120000000000000000e+04 7.719707940776313103e-04
2.150000000000000000e+04 6.827175352939688757e-04
2.180000000000000000e+04 6.037835065441601217e-04
2.210000000000000000e+04 5.339756252456433552e-04
2.240000000000000000e+04 4.722387499262062447e-04
2.270000000000000000e+04 4.176397318309721016e-04
2.300000000000000000e+04 3.693533104411747731e-04
2.330000000000000000e+04 3.266496397164327494e-04
2.360000000000000000e+04 2.888832565205045233e-04
2.390000000000000000e+04 1.032577243916378649e-03
2.420000000000000000e+04 9.131933440688390358e-04
2.450000000000000000e+04 8.076123007405362937e-04
2.480000000000000000e+04 7.142382634999326629e-04
2.510000000000000000e+04 6.316598899987417148e-04
2.540000000000000000e+04 5.586290136264314117e-04
2.570000000000000000e+04 4.940417775551047977e-04
2.600000000000000000e+04 4.369219500171315856e-04
2.630000000000000000e+04 3.864061686270648939e-04
2.660000000000000000e+04 3.417308907167373425e-04
2.690000000000000000e+04 3.022208524387278035e-04
2.720000000000000000e+04 2.672788621983296841e-04
2.750000000000000000e+04 2.363767741424036928e-04
2.780000000000000000e+04 2.090475052700144058e-04
2.810000000000000000e+04 1.848779755040125413e-04
2.840000000000000000e+04 1.635028640132014466e-04
2.870000000000000000e+04 1.445990874123307399e-04
2.900000000000000000e+04 1.278809163782641529e-04
2.930000000000000000e+04 1.130956568703074425e-04
2.960000000000000000e+04 1.000198306766304735e-04
2.990000000000000000e+04 8.845579755599202625e-05
3.020000000000000000e+04 7.822876791866833482e-05
3.050000000000000000e+04 6.918416089345763521e-05
3.080000000000000000e+04 6.118526784811624975e-05
3.110000000000000000e+04 5.411118604749508174e-05
3.140000000000000000e+04 4.785499121675871660e-05
3.170000000000000000e+04 4.232212138809811282e-05
3.200000000000000000e+04 3.742894760289186697e-05
3.230000000000000000e+04 3.310150986557110973e-05
3.260000000000000000e+04 2.927439924321680945e-05
3.290000000000000000e+04 2.588976921389947434e-05
3.320000000000000000e+04 2.289646132035620568e-05
3.350000000000000000e+04 2.024923191331937469e-05
3.380000000000000000e+04 1.790806829677437604e-05
3.410000000000000000e+04 1.583758393872656005e-05
3.440000000000000000e+04 1.400648360612901381e-05
3.470000000000000000e+04 1.238709033952150819e-05
3.500000000000000000e+04 1.095492711763318586e-05
3.530000000000000000e+04 9.688346888837700229e-06
3.560000000000000000e+04 8.568205377411095474e-06
3.590000000000000000e+04 7.577571719080312798e-06
