3.500000000000000000e+03 2.075182482784329605e+10
3.800000000000000000e+03 1.835255272350708771e+10
4.100000000000000000e+03 1.623067823014735413e+10
4.400000000000000000e+03 1.435412935624783516e+10
4.700000000000000000e+03 1.269454219067623329e+10
5.000000000000000000e+03 1.122683218405828476e+10
5.300000000000000000e+03 9.928814997486148834e+09
5.600000000000000000e+03 8.780871187714733124e+09
5.900000000000000000e+03 7.765649660584920883e+09
6.200000000000000000e+03 6.867805410392024994e+09
6.500000000000000000e+03 6.073767581147523880e+09
6.800000000000000000e+03 5.371534343995465279e+09
7.100000000000000000e+03 4.569651075879518509e+09
7.400000000000000000e+03 4.041319883617468834e+09
7.700000000000000000e+03 3.574072971989104271e+09
8.000000000000000000e+03 3.160847935073319435e+09
8.300000000000000000e+03 2.795398903984025002e+09
8.600000000000000000e+03 2.472202140978296280e+09
8.900000000000000000e+03 2.186372548528623104e+09
9.200000000000000000e+03 1.933589831399434090e+09
9.500000000000000000e+03 1.710033195672620773e+09
9.800000000000000000e+03 1.512323597702166080e+09
1.010000000000000000e+04 2.359118148351628304e+09
1.040000000000000000e+04 2.086363033506069899e+09
1.070000000000000000e+04 1.845143156828379869e+09
1.100000000000000000e+04 1.631812495963060617e+09
1.130000000000000000e+04 1.443146572192427397e+09
1.160000000000000000e+04 1.276293712655758142e+09
1.190000000000000000e+04 1.128731947504096031e+09
1.220000000000000000e+04 9.982308904941083193e+08
1.250000000000000000e+04 8.828180268487036228e+08
1.280000000000000000e+04 7.807488988276690245e+08
1.310000000000000000e+04 1.235615129187112808e+09
1.340000000000000000e+04 1.092756516233868122e+09
1.370000000000000000e+04 9.664148451768832207e+08
1.400000000000000000e+04 8.546804700804710388e+08
1.430000000000000000e+04 7.558645333136156797e+08
1.460000000000000000e+04 6.684734385794696808e+08
1.490000000000000000e+04 5.911862753068933487e+08
1.520000000000000000e+04 5.228348531752299666e+08
1.550000000000000000e+04 4.623860449954816103e+08
1.580000000000000000e+04 4.089261710617197156e+08
1.610000000000000000e+04 3.616471889432415366e+08
1.640000000000000000e+04 3.198344799770923257e+08
1.670000000000000000e+04 2.828560478546164632e+08
1.700000000000000000e+04 2.635676891949790418e+08
1.730000000000000000e+04 2.330946773256133497e+08
1.760000000000000000e+04 2.061448759651941955e+08
1.790000000000000000e+04 1.823109406627177894e+08
1.820000000000000000e+04 1.612326230749334097e+08
1.850000000000000000e+04 1.425913258366488814e+08
1.880000000000000000e+04 1.261052869827954322e+08
1.910000000000000000e+04 1.115253211351086199e+08
1.940000000000000000e+04 9.863105308174768090e+07
1.970000000000000000e+04 8.722758682065868378e+07
2.000000000000000000e+04 7.714255971949650347e+07
2.030000000000000000e+04 6.822353726592686772e+07
2.060000000000000000e+04 6.033570903013448417e+07
2.090000000000000000e+04 5.335985101416295767e+07
2.120000000000000000e+04 4.719052358913366497e+07
2.150000000000000000e+04 4.173447778228425235e+07
2.180000000000000000e+04 3.690924582496150583e+07
2.210000000000000000e+04 3.264189465779569373e+07
2.240000000000000000e+04 2.886792355237027258e+07
2.270000000000000000e+04 2.553028918701165542e+07
2.300000000000000000e+04 2.257854344078471512e+07
2.330000000000000000e+04 1.996807087350792065e+07
2.360000000000000000e+04 1.765941436634932831e+07
2.390000000000000000e+04 1.493573704331970774e+07
2.420000000000000000e+04 1.320890590711730905e+07
2.450000000000000000e+04 1.168172650315343216e+07
2.480000000000000000e+04 1.033111561654382944e+07
2.510000000000000000e+04 9.136658853773348033e+06
2.540000000000000000e+04 8.080302080499004573e+06
2.570000000000000000e+04 7.146078534512871876e+06
2.600000000000000000e+04 6.319867489195638336e+06
2.630000000000000000e+04 5.589180819675191306e+06
2.660000000000000000e+04 4.942974245651641861e+06
2.690000000000000000e+04 4.371480397836770862e+06
2.720000000000000000e+04 3.866061184818462934e+06
2.750000000000000000e+04 3.419077228884798940e+06
2.780000000000000000e+04 3.023772397339194547e+06
2.810000000000000000e+04 2.674171684005126823e+06
2.840000000000000000e+04 2.364990897406027652e+06
2.870000000000000000e+04 2.091556790563430637e+06
2.900000000000000000e+04 1.849736425180398161e+06
2.930000000000000000e+04 1.635874702554669930e+06
2.960000000000000000e+04 1.446739117005462060e+06
2.990000000000000000e+04 1.279470896765579470e+06
3.020000000000000000e+04 1.131541793836719822e+06
3.050000000000000000e+04 1.000715869689539075e+06
3.080000000000000000e+04 8.850156992018262390e+05
3.110000000000000000e+04 7.826924820095945615e+05
3.140000000000000000e+04 6.921996095061779488e+05
3.170000000000000000e+04 6.121692879562246380e+05
3.200000000000000000e+04 5.413918643845850602e+05
3.230000000000000000e+04 4.787975427522214595e+05
3.260000000000000000e+04 4.234402140603948501e+05
3.290000000000000000e+04 3.744831559762239340e+05
3.320000000000000000e+04 3.311863858304003370e+05
3.350000000000000000e+04 2.928954758284680429e+05
3.380000000000000000e+04 2.590316614183422644e+05
3.410000000000000000e+04 2.290830933026835846e+05
3.440000000000000000e+04 2.025971008708892332e+05
3.470000000000000000e+04 1.791733501129934448e+05
3.500000000000000000e+04 1.584577925977924024e+05
3.530000000000000000e+04 1.401373140544079070e+05
3.560000000000000000e+04 1.239350016709584743e+05
3.590000000000000000e+04 1.096059585758652102e+05
