3.500000000000000000e+03 6.832706699810777309e+02
3.800000000000000000e+03 6.042726892349629679e+02
4.100000000000000000e+03 5.344082499039019467e+02
4.400000000000000000e+03 4.726213556447903557e+02
4.700000000000000000e+03 4.179781016698118492e+02
5.000000000000000000e+03 3.696525588378274279e+02
5.300000000000000000e+03 3.269142897904652045e+02
5.600000000000000000e+03 2.891173084401429492e+02
5.900000000000000000e+03 2.556903159334174518e+02
6.200000000000000000e+03 2.261280655068984515e+02
6.500000000000000000e+03 1.999837257161024695e+02
6.800000000000000000e+03 1.768621266079562986e+02
7.100000000000000000e+03 2.272567560582204749e+02
7.400000000000000000e+03 2.009819199965335486e+02
7.700000000000000000e+03 1.777449122575024489e+02
8.000000000000000000e+03 1.571945070182041491e+02
8.300000000000000000e+03 1.390200862734018870e+02
8.600000000000000000e+03 1.229469448651023811e+02
8.900000000000000000e+03 1.087321383324058530e+02
9.200000000000000000e+03 9.616081082217453968e+01
9.500000000000000000e+03 8.504294755713598875e+01
9.800000000000000000e+03 7.521050277519108818e+01
1.010000000000000000e+04 6.556833166405695579e+00
1.040000000000000000e+04 5.798749140569279703e+00
1.070000000000000000e+04 5.128312821429563684e+00
1.100000000000000000e+04 4.535390608716168614e+00
1.130000000000000000e+04 4.011020522710001757e+00
1.160000000000000000e+04 3.547276744517253722e+00
1.190000000000000000e+04 3.137149817845170219e+00
1.220000000000000000e+04 2.774440701537466136e+00
1.250000000000000000e+04 2.453667071480488016e+00
1.280000000000000000e+04 2.169980455639713313e+00
1.310000000000000000e+04 2.556670604887206211e-01
1.340000000000000000e+04 2.261074987963345717e-01
1.370000000000000000e+04 1.999655368752122908e-01
1.400000000000000000e+04 1.768460407136224211e-01
1.430000000000000000e+04 1.563995606683012130e-01
1.460000000000000000e+04 1.383170495563909308e-01
1.490000000000000000e+04 1.223251914278724317e-01
1.520000000000000000e+04 1.081822704132012619e-01
1.550000000000000000e+04 9.567451720405255322e-02
1.580000000000000000e+04 8.461287794447638899e-02
1.610000000000000000e+04 7.483015669446840823e-02
1.640000000000000000e+04 6.617848827448186144e-02
1.670000000000000000e+04 5.852710329309629422e-02
1.700000000000000000e+04 8.617472497432725198e-02
1.730000000000000000e+04 7.621142702607471009e-02
1.760000000000000000e+04 6.740005971682595798e-02
1.790000000000000000e+04 5.960743981709534095e-02
1.820000000000000000e+04 5.271578239657927212e-02
1.850000000000000000e+04 4.662092051278637211e-02
1.880000000000000000e+04 4.123073073464584432e-02
1.910000000000000000e+04 3.646374070298823850e-02
1.940000000000000000e+04 3.224789768126780365e-02
1.970000000000000000e+04 2.851947948325264659e-02
2.000000000000000000e+04 2.522213131642793080e-02
2.030000000000000000e+04 2.230601398306378963e-02
2.060000000000000000e+04 1.972705056406405880e-02
2.090000000000000000e+04 1.744626019927243352e-02
2.120000000000000000e+04 1.542916889436979355e-02
2.150000000000000000e+04 1.364528844874824884e-02
2.180000000000000000e+04 1.206765562839136156e-02
2.210000000000000000e+04 1.067242461838942107e-02
2.240000000000000000e+04 9.438506595036774346e-03
2.270000000000000000e+04 8.347250969667343451e-03
2.300000000000000000e+04 7.382163486250227329e-03
2.330000000000000000e+04 6.528656911809355319e-03
2.360000000000000000e+04 5.773830551369522716e-03
2.390000000000000000e+04 7.363849565281233934e-04
2.420000000000000000e+04 6.512460398830578669e-04
2.450000000000000000e+04 5.759506637166986664e-04
2.480000000000000000e+04 5.093607434377215833e-04
2.510000000000000000e+04 4.504697768402026793e-04
2.540000000000000000e+04 3.983876308898803148e-04
2.570000000000000000e+04 3.523270874226768347e-04
2.600000000000000000e+04 3.115919443946259292e-04
2.630000000000000000e+04 2.755664928343929082e-04
2.660000000000000000e+04 2.437062104432165645e-04
2.690000000000000000e+04 2.155295311766601953e-04
2.720000000000000000e+04 1.906105664059573666e-04
2.750000000000000000e+04 1.685726676397764155e-04
2.780000000000000000e+04 1.490827335073817395e-04
2.810000000000000000e+04 1.318461749536240413e-04
2.840000000000000000e+04 1.166024625450059923e-04
2.870000000000000000e+04 1.031211885846659675e-04
2.900000000000000000e+04 9.119858451539805493e-05
2.930000000000000000e+04 8.065444097149342833e-05
2.960000000000000000e+04 7.132938392619223716e-05
2.990000000000000000e+04 6.308246576389276252e-05
3.020000000000000000e+04 5.578903486633721810e-05
3.050000000000000000e+04 4.933885151171246009e-05
3.080000000000000000e+04 4.363442160860311436e-05
3.110000000000000000e+04 3.858952307929883489e-05
3.140000000000000000e+04 3.412790261883828796e-05
3.170000000000000000e+04 3.018212313138722406e-05
3.200000000000000000e+04 2.669254442303108582e-05
3.230000000000000000e+04 2.360642174421949074e-05
3.260000000000000000e+04 2.087710855639281798e-05
3.290000000000000000e+04 1.846335147266178880e-05
3.320000000000000000e+04 1.632866671561453734e-05
3.350000000000000000e+04 1.444078866745308507e-05
3.380000000000000000e+04 1.277118217733143282e-05
3.410000000000000000e+04 1.129461125445268722e-05
3.440000000000000000e+04 9.988757627750378552e-06
3.470000000000000000e+04 8.833883406709268520e-06
3.500000000000000000e+04 7.812532744465915064e-06
3.530000000000000000e+04 6.909267993846949416e-06
3.560000000000000000e+04 6.110436368361288115e-06
3.590000000000000000e+04 5.403963581242336316e-06
