3.500000000000000000e+03 2.067714383929473877e+10
3.800000000000000000e+03 1.828650615694480515e+10
4.100000000000000000e+03 1.617226779612062836e+10
4.400000000000000000e+03 1.430247218494017601e+10
4.700000000000000000e+03 1.264885748738695908e+10
5.000000000000000000e+03 1.118642942754266167e+10
5.300000000000000000e+03 9.893083502772817612e+09
5.600000000000000000e+03 8.749270875643081665e+09
5.900000000000000000e+03 7.737702894544562340e+09
6.200000000000000000e+03 6.843089776877278328e+09
6.500000000000000000e+03 6.051909505005435944e+09
6.800000000000000000e+03 5.352203441862277985e+09
7.100000000000000000e+03 4.572847248434627533e+09
7.400000000000000000e+03 4.044146523000639915e+09
7.700000000000000000e+03 3.576572802666182041e+09
8.000000000000000000e+03 3.163058741818341732e+09
8.300000000000000000e+03 2.797354102993562698e+09
8.600000000000000000e+03 2.473931284955039024e+09
8.900000000000000000e+03 2.187901773368509293e+09
9.200000000000000000e+03 1.934942251233976364e+09
9.500000000000000000e+03 1.711229252237460375e+09
9.800000000000000000e+03 1.513381369312548161e+09
1.010000000000000000e+04 2.490979483770143032e+09
1.040000000000000000e+04 2.202978903702379704e+09
1.070000000000000000e+04 1.948276202906518936e+09
1.100000000000000000e+04 1.723021567039324284e+09
1.130000000000000000e+04 1.523810287295847893e+09
1.160000000000000000e+04 1.347631298462824583e+09
1.190000000000000000e+04 1.191821666868692398e+09
1.220000000000000000e+04 1.054026340318669677e+09
1.250000000000000000e+04 9.321625516378266811e+08
1.280000000000000000e+04 8.243883377840794325e+08
1.310000000000000000e+04 1.270341246196841240e+09
1.340000000000000000e+04 1.123467689761538744e+09
1.370000000000000000e+04 9.935752725630629063e+08
1.400000000000000000e+04 8.787006793745009899e+08
1.430000000000000000e+04 7.771075883777124882e+08
1.460000000000000000e+04 6.872604267747970819e+08
1.490000000000000000e+04 6.078011607076239586e+08
1.520000000000000000e+04 5.375287686665948629e+08
1.550000000000000000e+04 4.753810881305897832e+08
1.580000000000000000e+04 4.204187610512676239e+08
1.610000000000000000e+04 3.718110355187885761e+08
1.640000000000000000e+04 3.288232090020735860e+08
1.670000000000000000e+04 2.908055233690275550e+08
1.700000000000000000e+04 2.649355657999982536e+08
1.730000000000000000e+04 2.343044035892615318e+08
1.760000000000000000e+04 2.072147368193020821e+08
1.790000000000000000e+04 1.832571069827750027e+08
1.820000000000000000e+04 1.620693961017930806e+08
1.850000000000000000e+04 1.433313533388300836e+08
1.880000000000000000e+04 1.267597544266610295e+08
1.910000000000000000e+04 1.121041207524438053e+08
1.940000000000000000e+04 9.914293339018388093e+07
1.970000000000000000e+04 8.768028485693426430e+07
2.000000000000000000e+04 7.754291798425155878e+07
2.030000000000000000e+04 6.857760714764398336e+07
2.060000000000000000e+04 6.064884227147241682e+07
2.090000000000000000e+04 5.363678060319006443e+07
2.120000000000000000e+04 4.743543529812707752e+07
2.150000000000000000e+04 4.195107343539881706e+07
2.180000000000000000e+04 3.710079925105509162e+07
2.210000000000000000e+04 3.281130117413416877e+07
2.240000000000000000e+04 2.901774372715489566e+07
2.270000000000000000e+04 2.566278754219681397e+07
2.300000000000000000e+04 2.269572268017627671e+07
2.330000000000000000e+04 2.007170215349775925e+07
2.360000000000000000e+04 1.775106406682608277e+07
2.390000000000000000e+04 1.525217069339321740e+07
2.420000000000000000e+04 1.348875432019151561e+07
2.450000000000000000e+04 1.192921956933637150e+07
2.480000000000000000e+04 1.054999417703218386e+07
2.510000000000000000e+04 9.330231243417754769e+06
2.540000000000000000e+04 8.251494133064797148e+06
2.570000000000000000e+04 7.297477806462374516e+06
2.600000000000000000e+04 6.453762370431614108e+06
2.630000000000000000e+04 5.707595122401665896e+06
2.660000000000000000e+04 5.047697794160450809e+06
2.690000000000000000e+04 4.464096081582420506e+06
2.720000000000000000e+04 3.947968883686713874e+06
2.750000000000000000e+04 3.491514972283819225e+06
2.780000000000000000e+04 3.087835076931530144e+06
2.810000000000000000e+04 2.730827602922194172e+06
2.840000000000000000e+04 2.415096406085394789e+06
2.870000000000000000e+04 2.135869230428594630e+06
2.900000000000000000e+04 1.888925575805914123e+06
2.930000000000000000e+04 1.670532905339768622e+06
2.960000000000000000e+04 1.477390228374815313e+06
2.990000000000000000e+04 1.306578206224233843e+06
3.020000000000000000e+04 1.155515026560083963e+06
3.050000000000000000e+04 1.021917379492095788e+06
3.080000000000000000e+04 9.037659454908802873e+05
3.110000000000000000e+04 7.992748735078546451e+05
3.140000000000000000e+04 7.068647879557049600e+05
3.170000000000000000e+04 6.251389165516564390e+05
3.200000000000000000e+04 5.528619781975448132e+05
3.230000000000000000e+04 4.889415117883579223e+05
3.260000000000000000e+04 4.324113637354600942e+05
3.290000000000000000e+04 3.824170846195113263e+05
3.320000000000000000e+04 3.382030142444522935e+05
3.350000000000000000e+04 2.991008598840123741e+05
3.380000000000000000e+04 2.645195950817079283e+05
3.410000000000000000e+04 2.339365263253492012e+05
3.440000000000000000e+04 2.068893925694472564e+05
3.470000000000000000e+04 1.829693781903296767e+05
3.500000000000000000e+04 1.618149337652406248e+05
3.530000000000000000e+04 1.431063112769164145e+05
3.560000000000000000e+04 1.265607311436227028e+05
3.590000000000000000e+04 1.119281080246250494e+05
