3.500000000000000000e+03 6.967678289434239787e+02
3.800000000000000000e+03 6.162093417235510060e+02
4.100000000000000000e+03 5.449648176253614338e+02
4.400000000000000000e+03 4.819574004164969097e+02
4.700000000000000000e+03 4.262347371861195029e+02
5.000000000000000000e+03 3.769545835941516998e+02
5.300000000000000000e+03 3.333720734042219647e+02
5.600000000000000000e+03 2.948284598801577658e+02
5.900000000000000000e+03 2.607411588729825667e+02
6.200000000000000000e+03 2.305949431003402879e+02
6.500000000000000000e+03 2.039341545204696047e+02
6.800000000000000000e+03 1.803558170912786522e+02
7.100000000000000000e+03 2.906392711454332130e+02
7.400000000000000000e+03 2.570363132625086564e+02
7.700000000000000000e+03 2.273184421196916958e+02
8.000000000000000000e+03 2.010364740757458435e+02
8.300000000000000000e+03 1.777931589357262112e+02
8.600000000000000000e+03 1.572371755407645253e+02
8.900000000000000000e+03 1.390578215721729123e+02
9.200000000000000000e+03 1.229803173066094786e+02
9.500000000000000000e+03 1.087616523388775960e+02
9.800000000000000000e+03 9.618691249585145897e+01
1.010000000000000000e+04 1.276602587413523393e+00
1.040000000000000000e+04 1.129005110964364622e+00
1.070000000000000000e+04 9.984724715043714616e-01
1.100000000000000000e+04 8.830316768898271995e-01
1.130000000000000000e+04 7.809378472057812992e-01
1.160000000000000000e+04 6.906478410224589082e-01
1.190000000000000000e+04 6.107969309154160920e-01
1.220000000000000000e+04 5.401781757015002849e-01
1.250000000000000000e+04 4.777241776033230858e-01
1.280000000000000000e+04 4.224909486030123396e-01
1.310000000000000000e+04 1.557270334906268594e-01
1.340000000000000000e+04 1.377222782247777555e-01
1.370000000000000000e+04 1.217991860132923709e-01
1.400000000000000000e+04 1.077170803788782411e-01
1.430000000000000000e+04 9.526311123362873889e-02
1.460000000000000000e+04 8.424903766413453787e-02
1.490000000000000000e+04 7.450838268262578723e-02
1.520000000000000000e+04 6.589391693840000730e-02
1.550000000000000000e+04 5.827543335600076507e-02
1.580000000000000000e+04 5.153777906395223818e-02
1.610000000000000000e+04 4.557911486678372509e-02
1.640000000000000000e+04 4.030937595237834431e-02
1.670000000000000000e+04 3.564891056834237903e-02
1.700000000000000000e+04 6.592618935516975087e-02
1.730000000000000000e+04 5.830397451973912126e-02
1.760000000000000000e+04 5.156302037244658854e-02
1.790000000000000000e+04 4.560143784072913375e-02
1.820000000000000000e+04 4.032911800203795721e-02
1.850000000000000000e+04 3.566637009348071902e-02
1.880000000000000000e+04 3.154271699125314743e-02
1.910000000000000000e+04 2.789582995361082965e-02
1.940000000000000000e+04 2.467058652609292746e-02
1.970000000000000000e+04 2.181823736929739549e-02
2.000000000000000000e+04 1.929566941586594031e-02
2.030000000000000000e+04 1.706475421934478334e-02
2.060000000000000000e+04 1.509177164525843211e-02
2.090000000000000000e+04 1.334690019352481431e-02
2.120000000000000000e+04 1.180376624846964269e-02
2.150000000000000000e+04 1.043904544338362245e-02
2.180000000000000000e+04 9.232110114274487411e-03
2.210000000000000000e+04 8.164717514100881812e-03
2.240000000000000000e+04 7.220734074866952401e-03
2.270000000000000000e+04 6.385891549817619695e-03
2.300000000000000000e+04 5.647571349840005590e-03
2.330000000000000000e+04 4.994613814330209345e-03
2.360000000000000000e+04 4.417149533667229754e-03
2.390000000000000000e+04 8.531082113572241400e-04
2.420000000000000000e+04 7.544740550615695483e-04
2.450000000000000000e+04 6.672437238125377736e-04
2.480000000000000000e+04 5.900987369683522842e-04
2.510000000000000000e+04 5.218730531955895983e-04
2.540000000000000000e+04 4.615354458321662204e-04
2.570000000000000000e+04 4.081739159650811370e-04
2.600000000000000000e+04 3.609819076276403276e-04
2.630000000000000000e+04 3.192461167597927785e-04
2.660000000000000000e+04 2.823357096648123612e-04
2.690000000000000000e+04 2.496927880000212804e-04
2.720000000000000000e+04 2.208239561805379694e-04
2.750000000000000000e+04 1.952928637378988986e-04
2.780000000000000000e+04 1.727136099118163485e-04
2.810000000000000000e+04 1.527449107859146370e-04
2.840000000000000000e+04 1.350849408040816083e-04
2.870000000000000000e+04 1.194667706973119971e-04
2.900000000000000000e+04 1.056543328655987880e-04
2.930000000000000000e+04 9.343885323189618313e-05
2.960000000000000000e+04 8.263569563586351213e-05
2.990000000000000000e+04 7.308157107060967860e-05
3.020000000000000000e+04 6.463206958023874735e-05
3.050000000000000000e+04 5.715947751299449062e-05
3.080000000000000000e+04 5.055084713792730027e-05
3.110000000000000000e+04 4.470628944747006303e-05
3.140000000000000000e+04 3.953746434174844657e-05
3.170000000000000000e+04 3.496624537385953352e-05
3.200000000000000000e+04 3.092353887383578046e-05
3.230000000000000000e+04 2.734823960242898199e-05
3.260000000000000000e+04 2.418630714949250094e-05
3.290000000000000000e+04 2.138994911678468523e-05
3.320000000000000000e+04 1.891689873905531112e-05
3.350000000000000000e+04 1.672977602470627191e-05
3.380000000000000000e+04 1.479552275971077004e-05
3.410000000000000000e+04 1.308490283491188155e-05
3.440000000000000000e+04 1.157206034418155289e-05
3.470000000000000000e+04 1.023412877412329958e-05
3.500000000000000000e+04 9.050885378246478256e-06
3.530000000000000000e+04 8.004445511501122050e-06
3.560000000000000000e+04 7.078992305060408529e-06
3.590000000000000000e+04 6.260537595402602098e-06
