3.500000000000000000e+03 2.064581555757863617e+10
3.800000000000000000e+03 1.825879996981661224e+10
4.100000000000000000e+03 1.614776492640888977e+10
4.400000000000000000e+03 1.428080227340263557e+10
4.700000000000000000e+03 1.262969299475531387e+10
5.000000000000000000e+03 1.116948068378834343e+10
5.300000000000000000e+03 9.878094328763843536e+09
5.600000000000000000e+03 8.736014711013528824e+09
5.900000000000000000e+03 7.725979373249753952e+09
6.200000000000000000e+03 6.832721698674370766e+09
6.500000000000000000e+03 6.042740157083559036e+09
6.800000000000000000e+03 5.344094230138853073e+09
7.100000000000000000e+03 4.829740103958465576e+09
7.400000000000000000e+03 4.271338093592916965e+09
7.700000000000000000e+03 3.777497073771089554e+09
8.000000000000000000e+03 3.340752670399382114e+09
8.300000000000000000e+03 2.954503520935598373e+09
8.600000000000000000e+03 2.612911495234184742e+09
8.900000000000000000e+03 2.310813452598273277e+09
9.200000000000000000e+03 2.043643201252233505e+09
9.500000000000000000e+03 1.807362480657387733e+09
9.800000000000000000e+03 1.598399923473166943e+09
1.010000000000000000e+04 2.447975917748084068e+09
1.040000000000000000e+04 2.164947298324729919e+09
1.070000000000000000e+04 1.914641712993302107e+09
1.100000000000000000e+04 1.693275809517684460e+09
1.130000000000000000e+04 1.497503657023791313e+09
1.160000000000000000e+04 1.324366172477472544e+09
1.190000000000000000e+04 1.171246394341703653e+09
1.220000000000000000e+04 1.035829927377411604e+09
1.250000000000000000e+04 9.160699607137228251e+08
1.280000000000000000e+04 8.101563304380950928e+08
1.310000000000000000e+04 1.279505014599860191e+09
1.340000000000000000e+04 1.131571967055589437e+09
1.370000000000000000e+04 1.000742554359188437e+09
1.400000000000000000e+04 8.850392986592563391e+08
1.430000000000000000e+04 7.827133529590333700e+08
1.460000000000000000e+04 6.922180674106330872e+08
1.490000000000000000e+04 6.121856118056935072e+08
1.520000000000000000e+04 5.414063009129635096e+08
1.550000000000000000e+04 4.788103101666730046e+08
1.580000000000000000e+04 4.234515053395379186e+08
1.610000000000000000e+04 3.744931417869909406e+08
1.640000000000000000e+04 3.311952171076543927e+08
1.670000000000000000e+04 2.929032860563768148e+08
1.700000000000000000e+04 2.654762953126137555e+08
1.730000000000000000e+04 2.347826153596363366e+08
1.760000000000000000e+04 2.076376589864663780e+08
1.790000000000000000e+04 1.836311319870921373e+08
1.820000000000000000e+04 1.624001773062696159e+08
1.850000000000000000e+04 1.436238904793207943e+08
1.880000000000000000e+04 1.270184691825429499e+08
1.910000000000000000e+04 1.123329235800053328e+08
1.940000000000000000e+04 9.934528262891086936e+07
1.970000000000000000e+04 8.785923900208088756e+07
2.000000000000000000e+04 7.770118191579201818e+07
2.030000000000000000e+04 6.871757301435314119e+07
2.060000000000000000e+04 6.077262564809501171e+07
2.090000000000000000e+04 5.374625246721197665e+07
2.120000000000000000e+04 4.753225030947524309e+07
2.150000000000000000e+04 4.203669494651576132e+07
2.180000000000000000e+04 3.717652142537356168e+07
2.210000000000000000e+04 3.287826854727108404e+07
2.240000000000000000e+04 2.907696850649097934e+07
2.270000000000000000e+04 2.571516490632361546e+07
2.300000000000000000e+04 2.274204430946092680e+07
2.330000000000000000e+04 2.011266819627895206e+07
2.360000000000000000e+04 1.778729372210953385e+07
2.390000000000000000e+04 1.553456137694125250e+07
2.420000000000000000e+04 1.373849572613712028e+07
2.450000000000000000e+04 1.215008652238186449e+07
2.480000000000000000e+04 1.074532506644915231e+07
2.510000000000000000e+04 9.502978482578363270e+06
2.540000000000000000e+04 8.404268784973079339e+06
2.570000000000000000e+04 7.432589049797475338e+06
2.600000000000000000e+04 6.573252402629602700e+06
2.630000000000000000e+04 5.813270027333631180e+06
2.660000000000000000e+04 5.141154840969815850e+06
2.690000000000000000e+04 4.546747867301564664e+06
2.720000000000000000e+04 4.021064684546954930e+06
2.750000000000000000e+04 3.556159626442359760e+06
2.780000000000000000e+04 3.145005684026558883e+06
2.810000000000000000e+04 2.781388292868779041e+06
2.840000000000000000e+04 2.459811400341542903e+06
2.870000000000000000e+04 2.175414393151643686e+06
2.900000000000000000e+04 1.923898629494216759e+06
2.930000000000000000e+04 1.701462465368409408e+06
2.960000000000000000e+04 1.504743792981765000e+06
2.990000000000000000e+04 1.330769222715050681e+06
3.020000000000000000e+04 1.176909140536376974e+06
3.050000000000000000e+04 1.040837961560416617e+06
3.080000000000000000e+04 9.204989789878865704e+05
3.110000000000000000e+04 8.140732771193758817e+05
3.140000000000000000e+04 7.199522385658214334e+05
3.170000000000000000e+04 6.367132301038887817e+05
3.200000000000000000e+04 5.630980996696543880e+05
3.230000000000000000e+04 4.979941594740236178e+05
3.260000000000000000e+04 4.404173678009724827e+05
3.290000000000000000e+04 3.894974552826150320e+05
3.320000000000000000e+04 3.444647708357201773e+05
3.350000000000000000e+04 3.046386484368927777e+05
3.380000000000000000e+04 2.694171189010111848e+05
3.410000000000000000e+04 2.382678111571196641e+05
3.440000000000000000e+04 2.107199054951799335e+05
3.470000000000000000e+04 1.863570171575429267e+05
3.500000000000000000e+04 1.648109027110930765e+05
3.530000000000000000e+04 1.457558940723037813e+05
3.560000000000000000e+04 1.289039760558677808e+05
3.590000000000000000e+04 1.140004330443681974e+05
