3.500000000000000000e+03 6.425338822868786792e+02
3.800000000000000000e+03 5.682457831606117225e+02
4.100000000000000000e+03 5.025466811657522612e+02
4.400000000000000000e+03 4.444435387553581904e+02
4.700000000000000000e+03 3.930581308052363170e+02
5.000000000000000000e+03 3.476137702997344263e+02
5.300000000000000000e+03 3.074235687592772592e+02
5.600000000000000000e+03 2.718800539667869316e+02
5.900000000000000000e+03 2.404459880656183657e+02
6.200000000000000000e+03 2.126462472451698034e+02
6.500000000000000000e+03 1.880606402761590061e+02
6.800000000000000000e+03 1.663175573482038772e+02
7.100000000000000000e+03 2.094810450552132295e+02
7.400000000000000000e+03 1.852613905449354661e+02
7.700000000000000000e+03 1.638419496026328659e+02
8.000000000000000000e+03 1.448989688063503536e+02
8.300000000000000000e+03 1.281461262641511780e+02
8.600000000000000000e+03 1.133302038778076763e+02
8.900000000000000000e+03 1.002272599681265604e+02
9.200000000000000000e+03 8.863924441139680255e+01
9.500000000000000000e+03 7.839100512497229545e+01
9.800000000000000000e+03 6.932764065521887176e+01
1.010000000000000000e+04 8.645328087797783390e-01
1.040000000000000000e+04 7.645777701941760540e-01
1.070000000000000000e+04 6.761792736358799294e-01
1.100000000000000000e+04 5.980011817223369608e-01
1.130000000000000000e+04 5.288618378058720371e-01
1.160000000000000000e+04 4.677162053122366769e-01
1.190000000000000000e+04 4.136400720824507937e-01
1.220000000000000000e+04 3.658160809676325176e-01
1.250000000000000000e+04 3.235213755301805105e-01
1.280000000000000000e+04 2.861166741169068328e-01
1.310000000000000000e+04 1.320430269055012651e-01
1.340000000000000000e+04 1.167765549853347767e-01
1.370000000000000000e+04 1.032751529090762121e-01
1.400000000000000000e+04 9.133474788438931957e-02
1.430000000000000000e+04 8.077486148531115573e-02
1.460000000000000000e+04 7.143588173287516996e-02
1.490000000000000000e+04 6.317665057068914958e-02
1.520000000000000000e+04 5.587233027032341426e-02
1.550000000000000000e+04 4.941251651736693756e-02
1.580000000000000000e+04 4.369956965757540446e-02
1.610000000000000000e+04 3.864713888000634312e-02
1.640000000000000000e+04 3.417885703026778826e-02
1.670000000000000000e+04 3.022718632607077766e-02
1.700000000000000000e+04 2.028342942419946587e-02
1.730000000000000000e+04 1.793831198024060936e-02
1.760000000000000000e+04 1.586433092603834610e-02
1.790000000000000000e+04 1.403013817621654932e-02
1.820000000000000000e+04 1.240801002963479692e-02
1.850000000000000000e+04 1.097342812749368957e-02
1.880000000000000000e+04 9.704708859976140037e-03
1.910000000000000000e+04 8.582675619930464281e-03
1.940000000000000000e+04 7.590368949731687506e-03
1.970000000000000000e+04 6.712790200210043585e-03
2.000000000000000000e+04 5.936674827068703746e-03
2.030000000000000000e+04 5.250291898180936556e-03
2.060000000000000000e+04 4.643266781333078158e-03
2.090000000000000000e+04 4.106424332350184711e-03
2.120000000000000000e+04 3.631650213403499455e-03
2.150000000000000000e+04 3.211768245335094949e-03
2.180000000000000000e+04 2.840431940188278825e-03
2.210000000000000000e+04 2.512028574465209694e-03
2.240000000000000000e+04 2.221594353185392303e-03
2.270000000000000000e+04 1.964739382455452359e-03
2.300000000000000000e+04 1.737581316515571109e-03
2.330000000000000000e+04 1.536686676342142012e-03
2.360000000000000000e+04 1.359018952841220887e-03
2.390000000000000000e+04 7.121696552800538694e-04
2.420000000000000000e+04 6.298304488900900895e-04
2.450000000000000000e+04 5.570110877486053082e-04
2.480000000000000000e+04 4.926109120663169907e-04
2.510000000000000000e+04 4.356565174809051634e-04
2.540000000000000000e+04 3.852870421149726956e-04
2.570000000000000000e+04 3.407411547061531981e-04
2.600000000000000000e+04 3.013455471358309542e-04
2.630000000000000000e+04 2.665047574218173585e-04
2.660000000000000000e+04 2.356921693501832290e-04
2.690000000000000000e+04 2.084420527062893461e-04
2.720000000000000000e+04 1.843425237936431615e-04
2.750000000000000000e+04 1.630293198392811997e-04
2.780000000000000000e+04 1.441802931862383268e-04
2.810000000000000000e+04 1.275105420531904774e-04
2.840000000000000000e+04 1.127681042630192270e-04
2.870000000000000000e+04 9.973014885130428414e-05
2.900000000000000000e+04 8.819960799114912595e-05
2.930000000000000000e+04 7.800219832611455368e-05
2.960000000000000000e+04 6.898378668890541140e-05
2.990000000000000000e+04 6.100806038882129951e-05
3.020000000000000000e+04 5.395446685452338177e-05
3.050000000000000000e+04 4.771639148995581841e-05
3.080000000000000000e+04 4.219954620183311868e-05
3.110000000000000000e+04 3.732054424139550280e-05
3.140000000000000000e+04 3.300563981926086594e-05
3.170000000000000000e+04 2.918961344273369090e-05
3.200000000000000000e+04 2.581478612752129533e-05
3.230000000000000000e+04 2.283014758373095861e-05
3.260000000000000000e+04 2.019058519873865440e-05
3.290000000000000000e+04 1.785620216305687036e-05
3.320000000000000000e+04 1.579171443271869537e-05
3.350000000000000000e+04 1.396591741330528247e-05
3.380000000000000000e+04 1.235121430458164801e-05
3.410000000000000000e+04 1.092319897670069824e-05
3.440000000000000000e+04 9.660287073177486098e-06
3.470000000000000000e+04 8.543389764779988539e-06
3.500000000000000000e+04 7.555625223147715601e-06
3.530000000000000000e+04 6.682063453081375547e-06
3.560000000000000000e+04 5.909500626660842682e-06
3.590000000000000000e+04 5.226259508266230413e-06
