3.500000000000000000e+03 2.053368140973133087e+10
3.800000000000000000e+03 1.815963048098631287e+10
4.100000000000000000e+03 1.606006115638287544e+10
4.400000000000000000e+03 1.420323858554357338e+10
4.700000000000000000e+03 1.256109701909185028e+10
5.000000000000000000e+03 1.110881559672116089e+10
5.300000000000000000e+03 9.824443181546043396e+09
5.600000000000000000e+03 8.688566570131469727e+09
5.900000000000000000e+03 7.684017063217046738e+09
6.200000000000000000e+03 6.795610961972211838e+09
6.500000000000000000e+03 6.009920067400615692e+09
6.800000000000000000e+03 5.315068714007457733e+09
7.100000000000000000e+03 5.773910321823091507e+09
7.400000000000000000e+03 5.106345802412643433e+09
7.700000000000000000e+03 4.515963359400465012e+09
8.000000000000000000e+03 3.993839401517190456e+09
8.300000000000000000e+03 3.532082059945854664e+09
8.600000000000000000e+03 3.123711903250811100e+09
8.900000000000000000e+03 2.762556443736867428e+09
9.200000000000000000e+03 2.443156840709235191e+09
9.500000000000000000e+03 2.160685390460344315e+09
9.800000000000000000e+03 1.910872555850124598e+09
1.010000000000000000e+04 2.425986873918282032e+09
1.040000000000000000e+04 2.145500570647822142e+09
1.070000000000000000e+04 1.897443365476834297e+09
1.100000000000000000e+04 1.678065890285439491e+09
1.130000000000000000e+04 1.484052269160516739e+09
1.160000000000000000e+04 1.312469999152327061e+09
1.190000000000000000e+04 1.160725625687913179e+09
1.220000000000000000e+04 1.026525542678122997e+09
1.250000000000000000e+04 9.078413248144656420e+08
1.280000000000000000e+04 8.028790680557988882e+08
1.310000000000000000e+04 1.281110158341341972e+09
1.340000000000000000e+04 1.132991528245448112e+09
1.370000000000000000e+04 1.001997989570175767e+09
1.400000000000000000e+04 8.861495837108958960e+08
1.430000000000000000e+04 7.836952697358653545e+08
1.460000000000000000e+04 6.930864575192817450e+08
1.490000000000000000e+04 6.129536009047609568e+08
1.520000000000000000e+04 5.420854971064862013e+08
1.550000000000000000e+04 4.794109794598382115e+08
1.580000000000000000e+04 4.239827268086693287e+08
1.610000000000000000e+04 3.749629448091816902e+08
1.640000000000000000e+04 3.316107027242661715e+08
1.670000000000000000e+04 2.932707343048072457e+08
1.700000000000000000e+04 2.652686624704685211e+08
1.730000000000000000e+04 2.345989884875798225e+08
1.760000000000000000e+04 2.074752625765685737e+08
1.790000000000000000e+04 1.834875114284433126e+08
1.820000000000000000e+04 1.622731617836999893e+08
1.850000000000000000e+04 1.435115601616739035e+08
1.880000000000000000e+04 1.269191262045559585e+08
1.910000000000000000e+04 1.122450663791884631e+08
1.940000000000000000e+04 9.926758324953061342e+07
1.970000000000000000e+04 8.779052302319757640e+07
2.000000000000000000e+04 7.764041069996570051e+07
2.030000000000000000e+04 6.866382800870776176e+07
2.060000000000000000e+04 6.072509450045306981e+07
2.090000000000000000e+04 5.370421674744543433e+07
2.120000000000000000e+04 4.749507465048205853e+07
2.150000000000000000e+04 4.200381744068850577e+07
2.180000000000000000e+04 3.714744513140339404e+07
2.210000000000000000e+04 3.285255397891292721e+07
2.240000000000000000e+04 2.905422698975834250e+07
2.270000000000000000e+04 2.569505270470710099e+07
2.300000000000000000e+04 2.272425742837383598e+07
2.330000000000000000e+04 2.009693778819939867e+07
2.360000000000000000e+04 1.777338202296802029e+07
2.390000000000000000e+04 1.563842663557783887e+07
2.420000000000000000e+04 1.383035235325702094e+07
2.450000000000000000e+04 1.223132292478054017e+07
2.480000000000000000e+04 1.081716912693338096e+07
2.510000000000000000e+04 9.566516119333013892e+06
2.540000000000000000e+04 8.460460365142073482e+06
2.570000000000000000e+04 7.482283905369169079e+06
2.600000000000000000e+04 6.617201668033137918e+06
2.630000000000000000e+04 5.852137992785786279e+06
2.660000000000000000e+04 5.175528993177337572e+06
2.690000000000000000e+04 4.577147769283581525e+06
2.720000000000000000e+04 4.047949828795369714e+06
2.750000000000000000e+04 3.579936380120238755e+06
2.780000000000000000e+04 3.166033431180708576e+06
2.810000000000000000e+04 2.799984866495660041e+06
2.840000000000000000e+04 2.476257886411817279e+06
2.870000000000000000e+04 2.189959379205890931e+06
2.900000000000000000e+04 1.936761962027030066e+06
2.930000000000000000e+04 1.712838572793512372e+06
2.960000000000000000e+04 1.514804624404519796e+06
2.990000000000000000e+04 1.339666846931726672e+06
3.020000000000000000e+04 1.184778044543864671e+06
3.050000000000000000e+04 1.047797083318223129e+06
3.080000000000000000e+04 9.266535051574640675e+05
3.110000000000000000e+04 8.195162329534974415e+05
3.140000000000000000e+04 7.247658939790748991e+05
3.170000000000000000e+04 6.409703431769517483e+05
3.200000000000000000e+04 5.668630163828340592e+05
3.230000000000000000e+04 5.013237862924579531e+05
3.260000000000000000e+04 4.433620318120588781e+05
3.290000000000000000e+04 3.921016648865805473e+05
3.320000000000000000e+04 3.467678884871236514e+05
3.350000000000000000e+04 3.066754856055023265e+05
3.380000000000000000e+04 2.712184622448480804e+05
3.410000000000000000e+04 2.398608878607427177e+05
3.440000000000000000e+04 2.121287948067649268e+05
3.470000000000000000e+04 1.876030143451135082e+05
3.500000000000000000e+04 1.659128409390771703e+05
3.530000000000000000e+04 1.467304290635587531e+05
3.560000000000000000e+04 1.297658378418207867e+05
3.590000000000000000e+04 1.147626486084595235e+05
