3.500000000000000000e+03 6.337999331692411715e+02
3.800000000000000000e+03 5.605216305621951278e+02
4.100000000000000000e+03 4.957155750349481309e+02
4.400000000000000000e+03 4.384022273783826336e+02
4.700000000000000000e+03 3.877153001633591884e+02
5.000000000000000000e+03 3.428886638639739886e+02
5.300000000000000000e+03 3.032447668608471076e+02
5.600000000000000000e+03 2.681843942935648215e+02
5.900000000000000000e+03 2.371776109680078548e+02
6.200000000000000000e+03 2.097557514212209639e+02
6.500000000000000000e+03 1.855043360741823903e+02
6.800000000000000000e+03 1.640568064005980204e+02
7.100000000000000000e+03 6.755278337455389703e+01
7.400000000000000000e+03 5.974250596206487529e+01
7.700000000000000000e+03 5.283523254456762430e+01
8.000000000000000000e+03 4.672656014481742659e+01
8.300000000000000000e+03 4.132415658671551739e+01
8.600000000000000000e+03 3.654636490062253529e+01
8.900000000000000000e+03 3.232096908370591848e+01
9.200000000000000000e+03 2.858410255987125836e+01
9.500000000000000000e+03 2.527928284072216769e+01
9.800000000000000000e+03 2.235655779651347075e+01
1.010000000000000000e+04 8.739333429718266766e-01
1.040000000000000000e+04 7.728914390314928218e-01
1.070000000000000000e+04 6.835317376687257696e-01
1.100000000000000000e+04 6.045035729544296910e-01
1.130000000000000000e+04 5.346124394472148156e-01
1.160000000000000000e+04 4.728019373232850153e-01
1.190000000000000000e+04 4.181378049635204874e-01
1.220000000000000000e+04 3.697937976513880343e-01
1.250000000000000000e+04 3.270391989391295273e-01
1.280000000000000000e+04 2.892277759173663698e-01
1.310000000000000000e+04 1.163425180648223617e-01
1.340000000000000000e+04 1.028912982103336177e-01
1.370000000000000000e+04 9.099527346923384774e-02
1.400000000000000000e+04 8.047463622058825816e-02
1.430000000000000000e+04 7.117036773372251157e-02
1.460000000000000000e+04 6.294183461070963770e-02
1.490000000000000000e+04 5.566466312193536770e-02
1.520000000000000000e+04 4.922885930546629790e-02
1.550000000000000000e+04 4.353714641564753601e-02
1.580000000000000000e+04 3.850349459157704352e-02
1.610000000000000000e+04 3.405182052149328953e-02
1.640000000000000000e+04 3.011483744858959449e-02
1.670000000000000000e+04 2.663303813617079463e-02
1.700000000000000000e+04 7.775058932524806128e-03
1.730000000000000000e+04 6.876126806741462462e-03
1.760000000000000000e+04 6.081126879257606026e-03
1.790000000000000000e+04 5.378042779166525983e-03
1.820000000000000000e+04 4.756247437165173758e-03
1.850000000000000000e+04 4.206342458110043023e-03
1.880000000000000000e+04 3.720016064901121838e-03
1.910000000000000000e+04 3.289917466525112653e-03
1.940000000000000000e+04 2.909545751339309271e-03
1.970000000000000000e+04 2.573151626225453521e-03
2.000000000000000000e+04 2.275650516407553593e-03
2.030000000000000000e+04 2.012545712443073419e-03
2.060000000000000000e+04 1.779860402759494888e-03
2.090000000000000000e+04 1.574077564412489300e-03
2.120000000000000000e+04 1.392086803518577474e-03
2.150000000000000000e+04 1.231137341858930473e-03
2.180000000000000000e+04 1.088796439049964085e-03
2.210000000000000000e+04 9.629126218346148458e-04
2.240000000000000000e+04 8.515831647074877152e-04
2.270000000000000000e+04 7.531253303456811451e-04
2.300000000000000000e+04 6.660509351463281659e-04
2.330000000000000000e+04 5.890438554306442120e-04
2.360000000000000000e+04 5.209401343222645839e-04
2.390000000000000000e+04 6.951610502799703125e-04
2.420000000000000000e+04 6.147883346371539343e-04
2.450000000000000000e+04 5.437081036886382479e-04
2.480000000000000000e+04 4.808459844820718544e-04
2.510000000000000000e+04 4.252518202762330850e-04
2.540000000000000000e+04 3.760853089852353079e-04
2.570000000000000000e+04 3.326033020685113177e-04
2.600000000000000000e+04 2.941485718901616273e-04
2.630000000000000000e+04 2.601398777670555981e-04
2.660000000000000000e+04 2.300631805546502471e-04
2.690000000000000000e+04 2.034638729795869207e-04
2.720000000000000000e+04 1.799399082810633976e-04
2.750000000000000000e+04 1.591357233008438069e-04
2.780000000000000000e+04 1.407368641698242707e-04
2.810000000000000000e+04 1.244652333587665095e-04
2.840000000000000000e+04 1.100748862526791715e-04
2.870000000000000000e+04 9.734831371436025217e-05
2.900000000000000000e+04 8.609315444828687320e-05
2.930000000000000000e+04 7.613928747245660318e-05
2.960000000000000000e+04 6.733626075108627097e-05
2.990000000000000000e+04 5.955101712212012075e-05
3.020000000000000000e+04 5.266588314709511840e-05
3.050000000000000000e+04 4.657679048496375743e-05
3.080000000000000000e+04 4.119170290605620827e-05
3.110000000000000000e+04 3.642922517060412650e-05
3.140000000000000000e+04 3.221737274511815070e-05
3.170000000000000000e+04 2.849248376096236062e-05
3.200000000000000000e+04 2.519825676945424512e-05
3.230000000000000000e+04 2.228489974922080594e-05
3.260000000000000000e+04 1.970837750311473429e-05
3.290000000000000000e+04 1.742974606914532152e-05
3.320000000000000000e+04 1.541456408508894675e-05
3.350000000000000000e+04 1.363237220959495552e-05
3.380000000000000000e+04 1.205623273127184857e-05
3.410000000000000000e+04 1.066232240697524635e-05
3.440000000000000000e+04 9.429572375075842222e-06
3.470000000000000000e+04 8.339349701020522457e-06
3.500000000000000000e+04 7.375175741768658800e-06
3.530000000000000000e+04 6.522477072201018352e-06
3.560000000000000000e+04 5.768365208770711584e-06
3.590000000000000000e+04 5.101441800933452321e-06
