3.500000000000000000e+03 2.019524973471916199e+10
3.800000000000000000e+03 1.786032739749882889e+10
4.100000000000000000e+03 1.579536271826565170e+10
4.400000000000000000e+03 1.396914389355010986e+10
4.700000000000000000e+03 1.235406774755815887e+10
5.000000000000000000e+03 1.092572251200923538e+10
5.300000000000000000e+03 9.662518843886028290e+09
5.600000000000000000e+03 8.545363503954025269e+09
5.900000000000000000e+03 7.557370763723270416e+09
6.200000000000000000e+03 6.683607178787899017e+09
6.500000000000000000e+03 5.910865870809463501e+09
6.800000000000000000e+03 5.227466906431255341e+09
7.100000000000000000e+03 5.010685242193674088e+09
7.400000000000000000e+03 4.431362824770694733e+09
7.700000000000000000e+03 3.919020161035432339e+09
8.000000000000000000e+03 3.465913225779911995e+09
8.300000000000000000e+03 3.065193337883293629e+09
8.600000000000000000e+03 2.710803642953275204e+09
8.900000000000000000e+03 2.397387564375731945e+09
9.200000000000000000e+03 2.120207839016272068e+09
9.500000000000000000e+03 1.875074913803768635e+09
9.800000000000000000e+03 1.658283620914971828e+09
1.010000000000000000e+04 2.428745501699110508e+09
1.040000000000000000e+04 2.147940253047428131e+09
1.070000000000000000e+04 1.899600978132050037e+09
1.100000000000000000e+04 1.679974045367715836e+09
1.130000000000000000e+04 1.485739808306718349e+09
1.160000000000000000e+04 1.313962429404151678e+09
1.190000000000000000e+04 1.162045505029128075e+09
1.220000000000000000e+04 1.027692820996982336e+09
1.250000000000000000e+04 9.088736454449449778e+08
1.280000000000000000e+04 8.037920344554098845e+08
1.310000000000000000e+04 1.294898113267207623e+09
1.340000000000000000e+04 1.145185355623306990e+09
1.370000000000000000e+04 1.012781998287965059e+09
1.400000000000000000e+04 8.956867733414888382e+08
1.430000000000000000e+04 7.921297942647494078e+08
1.460000000000000000e+04 7.005458042224382162e+08
1.490000000000000000e+04 6.195505173103444576e+08
1.520000000000000000e+04 5.479196951661959887e+08
1.550000000000000000e+04 4.845706426884207129e+08
1.580000000000000000e+04 4.285458431718650460e+08
1.610000000000000000e+04 3.789984855066283941e+08
1.640000000000000000e+04 3.351796646845839620e+08
1.670000000000000000e+04 2.964270621501078606e+08
1.700000000000000000e+04 2.674318942928428650e+08
1.730000000000000000e+04 2.365121130634978414e+08
1.760000000000000000e+04 2.091671966564604640e+08
1.790000000000000000e+04 1.849838284831368029e+08
1.820000000000000000e+04 1.635964785457275808e+08
1.850000000000000000e+04 1.446818784756771624e+08
1.880000000000000000e+04 1.279541353538338542e+08
1.910000000000000000e+04 1.131604104580353945e+08
1.940000000000000000e+04 1.000770976226785630e+08
1.970000000000000000e+04 8.850644344643196464e+07
2.000000000000000000e+04 7.827355826275809109e+07
2.030000000000000000e+04 6.922377269426222146e+07
2.060000000000000000e+04 6.122029983536402881e+07
2.090000000000000000e+04 5.414216772733810544e+07
2.120000000000000000e+04 4.788239087522234023e+07
2.150000000000000000e+04 4.234635316919364035e+07
2.180000000000000000e+04 3.745037776837515831e+07
2.210000000000000000e+04 3.312046233096475899e+07
2.240000000000000000e+04 2.929116047377186269e+07
2.270000000000000000e+04 2.590459255449843034e+07
2.300000000000000000e+04 2.290957082480398938e+07
2.330000000000000000e+04 2.026082573090182245e+07
2.360000000000000000e+04 1.791832166727139428e+07
2.390000000000000000e+04 1.573266547006481141e+07
2.420000000000000000e+04 1.391369553839240409e+07
2.450000000000000000e+04 1.230503018725173548e+07
2.480000000000000000e+04 1.088235454709908552e+07
2.510000000000000000e+04 9.624164970473559573e+06
2.540000000000000000e+04 8.511444005799397826e+06
2.570000000000000000e+04 7.527372949873073958e+06
2.600000000000000000e+04 6.657077634285523556e+06
2.630000000000000000e+04 5.887403603358296677e+06
2.660000000000000000e+04 5.206717285422860645e+06
2.690000000000000000e+04 4.604730152160298079e+06
2.720000000000000000e+04 4.072343208181730472e+06
2.750000000000000000e+04 3.601509460319529753e+06
2.780000000000000000e+04 3.185112287862013094e+06
2.810000000000000000e+04 2.816857875305857044e+06
2.840000000000000000e+04 2.491180081754265353e+06
2.870000000000000000e+04 2.203156309068429284e+06
2.900000000000000000e+04 1.948433097124783322e+06
2.930000000000000000e+04 1.723160321555447532e+06
2.960000000000000000e+04 1.523932999375093495e+06
2.990000000000000000e+04 1.347739822890092386e+06
3.020000000000000000e+04 1.191917643983462593e+06
3.050000000000000000e+04 1.054111220808635233e+06
3.080000000000000000e+04 9.322376184659368591e+05
3.110000000000000000e+04 8.244547255804341985e+05
3.140000000000000000e+04 7.291334109113159357e+05
3.170000000000000000e+04 6.448328991417755606e+05
3.200000000000000000e+04 5.702789936561585637e+05
3.230000000000000000e+04 5.043448171430499060e+05
3.260000000000000000e+04 4.460337789198331884e+05
3.290000000000000000e+04 3.944645115309640532e+05
3.320000000000000000e+04 3.488575489376315963e+05
3.350000000000000000e+04 3.085235449405404506e+05
3.380000000000000000e+04 2.728528537580681732e+05
3.410000000000000000e+04 2.413063152709133865e+05
3.440000000000000000e+04 2.134071056528341142e+05
3.470000000000000000e+04 1.887335302103032591e+05
3.500000000000000000e+04 1.669126494953260990e+05
3.530000000000000000e+04 1.476146423505440762e+05
3.560000000000000000e+04 1.305478206844308734e+05
3.590000000000000000e+04 1.154542206252309697e+05
