3.500000000000000000e+03 8.481793971534616503e+02
3.800000000000000000e+03 7.501150975583452691e+02
4.100000000000000000e+03 6.633887376577733903e+02
4.400000000000000000e+03 5.866894543033022273e+02
4.700000000000000000e+03 5.188579429400465415e+02
5.000000000000000000e+03 4.588689347956145070e+02
5.300000000000000000e+03 4.058157000109601995e+02
5.600000000000000000e+03 3.588963424790106274e+02
5.900000000000000000e+03 3.174016792384636574e+02
6.200000000000000000e+03 2.807045212206037945e+02
6.500000000000000000e+03 2.482501933283401740e+02
6.800000000000000000e+03 2.195481505590894358e+02
7.100000000000000000e+03 3.824323144686546527e+01
7.400000000000000000e+03 3.382164832579815794e+01
7.700000000000000000e+03 2.991127716451700280e+01
8.000000000000000000e+03 2.645301296359696863e+01
8.300000000000000000e+03 2.339458429018000274e+01
8.600000000000000000e+03 2.068976319875195102e+01
8.900000000000000000e+03 1.829766649882783014e+01
9.200000000000000000e+03 1.618213780825303871e+01
9.500000000000000000e+03 1.431120105189739355e+01
9.800000000000000000e+03 1.265657714541115197e+01
1.010000000000000000e+04 9.526076178903000180e-01
1.040000000000000000e+04 8.424695985621998284e-01
1.070000000000000000e+04 7.450654510546729226e-01
1.100000000000000000e+04 6.589229181714129080e-01
1.130000000000000000e+04 5.827399612704229348e-01
1.160000000000000000e+04 5.153650800367424178e-01
1.190000000000000000e+04 4.557799076319473119e-01
1.220000000000000000e+04 4.030838181472755632e-01
1.250000000000000000e+04 3.564803137030546631e-01
1.280000000000000000e+04 3.152649854363480664e-01
1.310000000000000000e+04 9.505244629888567887e-02
1.340000000000000000e+04 8.406272926215353769e-02
1.370000000000000000e+04 7.434361477433075460e-02
1.400000000000000000e+04 6.574819906784099000e-02
1.430000000000000000e+04 5.814656300727827354e-02
1.460000000000000000e+04 5.142380837033636021e-02
1.490000000000000000e+04 4.547832116883795267e-02
1.520000000000000000e+04 4.022023576007752871e-02
1.550000000000000000e+04 3.557007653362226351e-02
1.580000000000000000e+04 3.145755664275858010e-02
1.610000000000000000e+04 2.782051562348979504e-02
1.640000000000000000e+04 2.460397984326629164e-02
1.670000000000000000e+04 2.175933157819446434e-02
1.700000000000000000e+04 4.724101715757235247e-03
1.730000000000000000e+04 4.177913341544697151e-03
1.760000000000000000e+04 3.694873848976661535e-03
1.790000000000000000e+04 3.267682128323898868e-03
1.820000000000000000e+04 2.889881205206706622e-03
1.850000000000000000e+04 2.555760643857571662e-03
1.880000000000000000e+04 2.260270234265236971e-03
1.910000000000000000e+04 1.998943658587040359e-03
1.940000000000000000e+04 1.767830983052468821e-03
1.970000000000000000e+04 1.563438954977516880e-03
2.000000000000000000e+04 1.382678202483253720e-03
2.030000000000000000e+04 1.222816538845811121e-03
2.060000000000000000e+04 1.081437665676197521e-03
2.090000000000000000e+04 9.564046507312167411e-04
2.120000000000000000e+04 8.458276283250715016e-04
2.150000000000000000e+04 7.480352341355093505e-04
2.180000000000000000e+04 6.615493426435060074e-04
2.210000000000000000e+04 5.850627253645822182e-04
2.240000000000000000e+04 5.174192921774080009e-04
2.270000000000000000e+04 4.575966170986855747e-04
2.300000000000000000e+04 4.046904843825685364e-04
2.330000000000000000e+04 3.579012213599431125e-04
2.360000000000000000e+04 3.165216114393437641e-04
2.390000000000000000e+04 6.406617523586889641e-04
2.420000000000000000e+04 5.665901040337207196e-04
2.450000000000000000e+04 5.010824273605295849e-04
2.480000000000000000e+04 4.431485781731507199e-04
2.510000000000000000e+04 3.919128902031690574e-04
2.540000000000000000e+04 3.466009394424527257e-04
2.570000000000000000e+04 3.065278387758923985e-04
2.600000000000000000e+04 2.710878859583116932e-04
2.630000000000000000e+04 2.397454084654129444e-04
2.660000000000000000e+04 2.120266668392806317e-04
2.690000000000000000e+04 1.875126941480536832e-04
2.720000000000000000e+04 1.658329633286840827e-04
2.750000000000000000e+04 1.466597866950768050e-04
2.780000000000000000e+04 1.297033629605589893e-04
2.810000000000000000e+04 1.147073969107530146e-04
2.840000000000000000e+04 1.014452255184940856e-04
2.870000000000000000e+04 8.971639194728687496e-05
2.900000000000000000e+04 7.934361565958402557e-05
2.930000000000000000e+04 7.017011283327863694e-05
2.960000000000000000e+04 6.205722658468614591e-05
2.990000000000000000e+04 5.488233117898987226e-05
3.020000000000000000e+04 4.853697855043372826e-05
3.050000000000000000e+04 4.292525911703854200e-05
3.080000000000000000e+04 3.796235211366363882e-05
3.110000000000000000e+04 3.357324353179593770e-05
3.140000000000000000e+04 2.969159228781257661e-05
3.170000000000000000e+04 2.625872748192374946e-05
3.200000000000000000e+04 2.322276159143419664e-05
3.230000000000000000e+04 2.053780619429631534e-05
3.260000000000000000e+04 1.816327836866991720e-05
3.290000000000000000e+04 1.606328728476425077e-05
3.320000000000000000e+04 1.420609171733817933e-05
3.350000000000000000e+04 1.256362027919653267e-05
3.380000000000000000e+04 1.111104712404418998e-05
3.410000000000000000e+04 9.826416705474177077e-06
3.440000000000000000e+04 8.690311920347298415e-06
3.470000000000000000e+04 7.685560620572726018e-06
3.500000000000000000e+04 6.796976057234292877e-06
3.530000000000000000e+04 6.011127333892970801e-06
3.560000000000000000e+04 5.316136399482651466e-06
3.590000000000000000e+04 4.701498512359994410e-06
