3.500000000000000000e+03 1.954820545451011658e+10
3.800000000000000000e+03 1.728809269691253281e+10
4.100000000000000000e+03 1.528928830794972229e+10
4.400000000000000000e+03 1.352158049252914047e+10
4.700000000000000000e+03 1.195825046486171913e+10
5.000000000000000000e+03 1.057566859579580116e+10
5.300000000000000000e+03 9.352937252547737122e+09
5.600000000000000000e+03 8.271574932375489235e+09
5.900000000000000000e+03 7.315236915896694183e+09
6.200000000000000000e+03 6.469468217744792938e+09
6.500000000000000000e+03 5.721485100428843498e+09
6.800000000000000000e+03 5.059981848993541718e+09
7.100000000000000000e+03 5.024368199285426140e+09
7.400000000000000000e+03 4.443463793891391754e+09
7.700000000000000000e+03 3.929722047526646137e+09
8.000000000000000000e+03 3.475377787942535877e+09
8.300000000000000000e+03 3.073563631943476677e+09
8.600000000000000000e+03 2.718206185347746849e+09
8.900000000000000000e+03 2.403934244039309025e+09
9.200000000000000000e+03 2.125997608575645685e+09
9.500000000000000000e+03 1.880195285239864826e+09
9.800000000000000000e+03 1.662811988300706863e+09
1.010000000000000000e+04 2.342173346845041275e+09
1.040000000000000000e+04 2.071377345952377796e+09
1.070000000000000000e+04 1.831890075559202433e+09
1.100000000000000000e+04 1.620091701538506269e+09
1.130000000000000000e+04 1.432780905586115122e+09
1.160000000000000000e+04 1.267126497507941961e+09
1.190000000000000000e+04 1.120624621968931437e+09
1.220000000000000000e+04 9.910609128865915537e+08
1.250000000000000000e+04 8.764770234352705479e+08
1.280000000000000000e+04 7.751410257644374371e+08
1.310000000000000000e+04 1.311162980203793526e+09
1.340000000000000000e+04 1.159569720876526117e+09
1.370000000000000000e+04 1.025503280579712749e+09
1.400000000000000000e+04 9.069372540055634975e+08
1.430000000000000000e+04 8.020795235663957596e+08
1.460000000000000000e+04 7.093451716567703485e+08
1.490000000000000000e+04 6.273325247295386791e+08
1.520000000000000000e+04 5.548019670936198235e+08
1.550000000000000000e+04 4.906572042054632306e+08
1.580000000000000000e+04 4.339286922501068711e+08
1.610000000000000000e+04 3.837589835510494113e+08
1.640000000000000000e+04 3.393897663057755232e+08
1.670000000000000000e+04 3.001504027534158826e+08
1.700000000000000000e+04 2.723841004135224223e+08
1.730000000000000000e+04 2.408917579709424973e+08
1.760000000000000000e+04 2.130404783914850652e+08
1.790000000000000000e+04 1.884092914409611225e+08
1.820000000000000000e+04 1.666258983706068993e+08
1.850000000000000000e+04 1.473610446463137567e+08
1.880000000000000000e+04 1.303235432882952839e+08
1.910000000000000000e+04 1.152558735992987454e+08
1.940000000000000000e+04 1.019302887564338297e+08
1.970000000000000000e+04 9.014537343312624097e+07
2.000000000000000000e+04 7.972299941988402605e+07
2.030000000000000000e+04 7.050563322828538716e+07
2.060000000000000000e+04 6.235395498280333728e+07
2.090000000000000000e+04 5.514475261017405242e+07
2.120000000000000000e+04 4.876905949712348729e+07
2.150000000000000000e+04 4.313050746727188677e+07
2.180000000000000000e+04 3.814387018257173896e+07
2.210000000000000000e+04 3.373377495288985968e+07
2.240000000000000000e+04 2.983356348282051086e+07
2.270000000000000000e+04 2.638428433599410579e+07
2.300000000000000000e+04 2.333380188804621622e+07
2.330000000000000000e+04 2.063600830013091862e+07
2.360000000000000000e+04 1.825012660201040283e+07
2.390000000000000000e+04 1.555202544890207797e+07
2.420000000000000000e+04 1.375394064744342119e+07
2.450000000000000000e+04 1.216374574198957905e+07
2.480000000000000000e+04 1.075740504255208187e+07
2.510000000000000000e+04 9.513661803210012615e+06
2.540000000000000000e+04 8.413716927812613547e+06
2.570000000000000000e+04 7.440944822894076817e+06
2.600000000000000000e+04 6.580642102936597541e+06
2.630000000000000000e+04 5.819805349678539671e+06
2.660000000000000000e+04 5.146934566314217634e+06
2.690000000000000000e+04 4.551859355808743276e+06
2.720000000000000000e+04 4.025585196024949662e+06
2.750000000000000000e+04 3.560157488120808732e+06
2.780000000000000000e+04 3.148541323318221141e+06
2.810000000000000000e+04 2.784515150725851301e+06
2.840000000000000000e+04 2.462576739012089092e+06
2.870000000000000000e+04 2.177860010545323137e+06
2.900000000000000000e+04 1.926061490954901325e+06
2.930000000000000000e+04 1.703375262402894674e+06
2.960000000000000000e+04 1.506435437389713246e+06
2.990000000000000000e+04 1.332265283588919323e+06
3.020000000000000000e+04 1.178232230736541096e+06
3.050000000000000000e+04 1.042008079507051036e+06
3.080000000000000000e+04 9.215338109357504873e+05
3.110000000000000000e+04 8.149884644843764836e+05
3.140000000000000000e+04 7.207616143439708976e+05
3.170000000000000000e+04 6.374290279561184580e+05
3.200000000000000000e+04 5.637311388327834429e+05
3.230000000000000000e+04 4.985540082928024349e+05
3.260000000000000000e+04 4.409124883529752260e+05
3.290000000000000000e+04 3.899353312819793937e+05
3.320000000000000000e+04 3.448520207489861641e+05
3.350000000000000000e+04 3.049811255206840578e+05
3.380000000000000000e+04 2.697199996736186440e+05
3.410000000000000000e+04 2.385356736412303289e+05
3.440000000000000000e+04 2.109567984143845679e+05
3.470000000000000000e+04 1.865665211325232231e+05
3.500000000000000000e+04 1.649961843804646924e+05
3.530000000000000000e+04 1.459197539561478479e+05
3.560000000000000000e+04 1.290488908854050824e+05
3.590000000000000000e+04 1.141285931975868007e+05
