3.500000000000000000e+03 1.501528990587920816e+03
3.800000000000000000e+03 1.327926107426724229e+03
4.100000000000000000e+03 1.174394738855519108e+03
4.400000000000000000e+03 1.038614268473239008e+03
4.700000000000000000e+03 9.185323835216119051e+02
5.000000000000000000e+03 8.123340543146338177e+02
5.300000000000000000e+03 7.184141001858578193e+02
5.600000000000000000e+03 6.353529272896302018e+02
5.900000000000000000e+03 5.618950715347450569e+02
6.200000000000000000e+03 4.969302223284010438e+02
6.500000000000000000e+03 4.394764403056066726e+02
6.800000000000000000e+03 3.886653153811389529e+02
7.100000000000000000e+03 4.625570967345623075e+01
7.400000000000000000e+03 4.090774462428652214e+01
7.700000000000000000e+03 3.617809740807300045e+01
8.000000000000000000e+03 3.199527972243583918e+01
8.300000000000000000e+03 2.829606855689651113e+01
8.600000000000000000e+03 2.502455058128905563e+01
8.900000000000000000e+03 2.213127701950190485e+01
9.200000000000000000e+03 1.957251623452344091e+01
9.500000000000000000e+03 1.730959272766382995e+01
9.800000000000000000e+03 1.530830256097053521e+01
1.010000000000000000e+04 1.189995945407435363e+00
1.040000000000000000e+04 1.052411704032265360e+00
1.070000000000000000e+04 9.307345954064418780e-01
1.100000000000000000e+04 8.231254781444687918e-01
1.130000000000000000e+04 7.279578476124952680e-01
1.160000000000000000e+04 6.437932514192069577e-01
1.190000000000000000e+04 5.693595473038211008e-01
1.220000000000000000e+04 5.035316747906201096e-01
1.250000000000000000e+04 4.453146499748615872e-01
1.280000000000000000e+04 3.938285264073871916e-01
1.310000000000000000e+04 8.799983358183180449e-02
1.340000000000000000e+04 7.782552131528694406e-02
1.370000000000000000e+04 6.882753661532657607e-02
1.400000000000000000e+04 6.086987554304518211e-02
1.430000000000000000e+04 5.383225858181803908e-02
1.460000000000000000e+04 4.760831262042607148e-02
1.490000000000000000e+04 4.210396313057075679e-02
1.520000000000000000e+04 3.723601223665040649e-02
1.550000000000000000e+04 3.293088118541642045e-02
1.580000000000000000e+04 2.912349820802303396e-02
1.610000000000000000e+04 2.575631496457923483e-02
1.640000000000000000e+04 2.277843670482745247e-02
1.670000000000000000e+04 2.014485299738632759e-02
1.700000000000000000e+04 4.089117876474074494e-03
1.730000000000000000e+04 3.616344685019453123e-03
1.760000000000000000e+04 3.198232302401900467e-03
1.790000000000000000e+04 2.828460987830845423e-03
1.820000000000000000e+04 2.501441672536681808e-03
1.850000000000000000e+04 2.212231481368878185e-03
1.880000000000000000e+04 1.956459021567600806e-03
1.910000000000000000e+04 1.730258309453555588e-03
1.940000000000000000e+04 1.530210336342399191e-03
1.970000000000000000e+04 1.353291390456385496e-03
2.000000000000000000e+04 1.196827353722427351e-03
2.030000000000000000e+04 1.058453282655676640e-03
2.060000000000000000e+04 9.360776623964165832e-04
2.090000000000000000e+04 8.278507936023732534e-04
2.120000000000000000e+04 7.321368343664715148e-04
2.150000000000000000e+04 6.474890745754569282e-04
2.180000000000000000e+04 5.726280689829766051e-04
2.210000000000000000e+04 5.064222984799711781e-04
2.240000000000000000e+04 4.478710672587745269e-04
2.270000000000000000e+04 3.960893773626895670e-04
2.300000000000000000e+04 3.502945520008680469e-04
2.330000000000000000e+04 3.097944054407940654e-04
2.360000000000000000e+04 2.739767806670809409e-04
2.390000000000000000e+04 1.085639516367042879e-03
2.420000000000000000e+04 9.601206943553212492e-04
2.450000000000000000e+04 8.491140326340901887e-04
2.480000000000000000e+04 7.509416729114923479e-04
2.510000000000000000e+04 6.641197465147975851e-04
2.540000000000000000e+04 5.873359458143462492e-04
2.570000000000000000e+04 5.194296887812043439e-04
2.600000000000000000e+04 4.593745768671593705e-04
2.630000000000000000e+04 4.062628810590959141e-04
2.660000000000000000e+04 3.592918216154704554e-04
2.690000000000000000e+04 3.177514341040298639e-04
2.720000000000000000e+04 2.810138383367540081e-04
2.750000000000000000e+04 2.485237480026654009e-04
2.780000000000000000e+04 2.197900775522557224e-04
2.810000000000000000e+04 1.943785194721455985e-04
2.840000000000000000e+04 1.719049797559681547e-04
2.870000000000000000e+04 1.520297723490713401e-04
2.900000000000000000e+04 1.344524848164444701e-04
2.930000000000000000e+04 1.189074376287889933e-04
2.960000000000000000e+04 1.051596684341459930e-04
2.990000000000000000e+04 9.300138061760847524e-05
3.020000000000000000e+04 8.224880246933904157e-05
3.050000000000000000e+04 7.273940948742778085e-05
3.080000000000000000e+04 6.432946783087953194e-05
3.110000000000000000e+04 5.689186179218861750e-05
3.140000000000000000e+04 5.031417245189491347e-05
3.170000000000000000e+04 4.449697847410922727e-05
3.200000000000000000e+04 3.935235335965007856e-05
3.230000000000000000e+04 3.480253644286949874e-05
3.260000000000000000e+04 3.077875754437543732e-05
3.290000000000000000e+04 2.722019751435504736e-05
3.320000000000000000e+04 2.407306895517953636e-05
3.350000000000000000e+04 2.128980322847442075e-05
3.380000000000000000e+04 1.882833145832193709e-05
3.410000000000000000e+04 1.665144866300576190e-05
3.440000000000000000e+04 1.472625140419252746e-05
3.470000000000000000e+04 1.302364045365506756e-05
3.500000000000000000e+04 1.151788096037746906e-05
3.530000000000000000e+04 1.018621346999749441e-05
3.560000000000000000e+04 9.008509917171278209e-06
3.590000000000000000e+04 7.966969391207254296e-06
