3.500000000000000000e+03 2.061518613423195648e+10
3.800000000000000000e+03 1.823171184086776733e+10
4.100000000000000000e+03 1.612380865659458923e+10
4.400000000000000000e+03 1.425961576530164146e+10
4.700000000000000000e+03 1.261095601571003723e+10
5.000000000000000000e+03 1.115291002560958862e+10
5.300000000000000000e+03 9.863439527057884216e+09
5.600000000000000000e+03 8.723054259429515839e+09
5.900000000000000000e+03 7.714517375425980568e+09
6.200000000000000000e+03 6.822584907277825356e+09
6.500000000000000000e+03 6.033775355188032150e+09
6.800000000000000000e+03 5.336165915361313820e+09
7.100000000000000000e+03 5.294838683460407257e+09
7.400000000000000000e+03 4.682663182964574814e+09
7.700000000000000000e+03 4.141265824318082809e+09
8.000000000000000000e+03 3.662463422536249638e+09
8.300000000000000000e+03 3.239018911234630585e+09
8.600000000000000000e+03 2.864531954853054047e+09
8.900000000000000000e+03 2.533342208010300636e+09
9.200000000000000000e+03 2.240443759761000156e+09
9.500000000000000000e+03 1.981409469585404396e+09
9.800000000000000000e+03 1.752324051455556631e+09
1.010000000000000000e+04 2.596590907295383453e+09
1.040000000000000000e+04 2.296379808660435200e+09
1.070000000000000000e+04 2.030878337749430895e+09
1.100000000000000000e+04 1.796073457528722525e+09
1.130000000000000000e+04 1.588416107886609077e+09
1.160000000000000000e+04 1.404767561826349258e+09
1.190000000000000000e+04 1.242351983816835642e+09
1.220000000000000000e+04 1.098714473223591805e+09
1.250000000000000000e+04 9.716839586493330002e+08
1.280000000000000000e+04 8.593403823345264196e+08
1.310000000000000000e+04 1.223940572040853024e+09
1.340000000000000000e+04 1.082431741071789026e+09
1.370000000000000000e+04 9.572837937106926441e+08
1.400000000000000000e+04 8.466051270759620667e+08
1.430000000000000000e+04 7.487228404996030331e+08
1.460000000000000000e+04 6.621574497451577187e+08
1.490000000000000000e+04 5.856005247020950317e+08
1.520000000000000000e+04 5.178949125519177914e+08
1.550000000000000000e+04 4.580172474804462194e+08
1.580000000000000000e+04 4.050624825717592835e+08
1.610000000000000000e+04 3.582302100843959451e+08
1.640000000000000000e+04 3.168125633416967988e+08
1.670000000000000000e+04 2.801835173741776943e+08
1.700000000000000000e+04 2.645808628636003435e+08
1.730000000000000000e+04 2.339907104853812158e+08
1.760000000000000000e+04 2.069373120975860953e+08
1.790000000000000000e+04 1.830117573870485425e+08
1.820000000000000000e+04 1.618524131892725527e+08
1.850000000000000000e+04 1.431394574272575378e+08
1.880000000000000000e+04 1.265900450221254379e+08
1.910000000000000000e+04 1.119540327086089551e+08
1.940000000000000000e+04 9.901019813627253473e+07
1.970000000000000000e+04 8.756289610843215883e+07
2.000000000000000000e+04 7.743910141805052757e+07
2.030000000000000000e+04 6.848579358326666057e+07
2.060000000000000000e+04 6.056764395301385224e+07
2.090000000000000000e+04 5.356497022347968072e+07
2.120000000000000000e+04 4.737192744806265086e+07
2.150000000000000000e+04 4.189490819806026667e+07
2.180000000000000000e+04 3.705112769262418896e+07
2.210000000000000000e+04 3.276737251231649145e+07
2.240000000000000000e+04 2.897889398315550387e+07
2.270000000000000000e+04 2.562842950472499803e+07
2.300000000000000000e+04 2.266533702978606522e+07
2.330000000000000000e+04 2.004482961310911179e+07
2.360000000000000000e+04 1.772729845978243276e+07
2.390000000000000000e+04 1.547332804342561029e+07
2.420000000000000000e+04 1.368434203164977767e+07
2.450000000000000000e+04 1.210219393744069524e+07
2.480000000000000000e+04 1.070296969782544859e+07
2.510000000000000000e+04 9.465520131698917598e+06
2.540000000000000000e+04 8.371141271361442283e+06
2.570000000000000000e+04 7.403291653293798678e+06
2.600000000000000000e+04 6.547342295038784854e+06
2.630000000000000000e+04 5.790355579106687568e+06
2.660000000000000000e+04 5.120889701749344356e+06
2.690000000000000000e+04 4.528825730859188363e+06
2.720000000000000000e+04 4.005214658985092305e+06
2.750000000000000000e+04 3.542142139681257773e+06
2.780000000000000000e+04 3.132608862688272260e+06
2.810000000000000000e+04 2.770424759825190529e+06
2.840000000000000000e+04 2.450115442521563731e+06
2.870000000000000000e+04 2.166839456799188629e+06
2.900000000000000000e+04 1.916315105017949361e+06
2.930000000000000000e+04 1.694755728301413823e+06
2.960000000000000000e+04 1.498812471440364840e+06
2.990000000000000000e+04 1.325523665169549873e+06
3.020000000000000000e+04 1.172270060734159779e+06
3.050000000000000000e+04 1.036735240119528258e+06
3.080000000000000000e+04 9.168706035472486401e+05
3.110000000000000000e+04 8.108644050260824151e+05
3.140000000000000000e+04 7.171143679320954252e+05
3.170000000000000000e+04 6.342034667042831425e+05
3.200000000000000000e+04 5.608785085976929404e+05
3.230000000000000000e+04 4.960311917586185155e+05
3.260000000000000000e+04 4.386813533159630606e+05
3.290000000000000000e+04 3.879621542847885867e+05
3.320000000000000000e+04 3.431069773528425139e+05
3.350000000000000000e+04 3.034378395109852427e+05
3.380000000000000000e+04 2.683551443852081429e+05
3.410000000000000000e+04 2.373286193774095154e+05
3.440000000000000000e+04 2.098893006304218434e+05
3.470000000000000000e+04 1.856224446705767768e+05
3.500000000000000000e+04 1.641612595877473359e+05
3.530000000000000000e+04 1.451813610000763729e+05
3.560000000000000000e+04 1.283958690056720807e+05
3.590000000000000000e+04 1.135510720120126207e+05
