3.500000000000000000e+03 6.959158187312650625e+02
3.800000000000000000e+03 6.154558387198712808e+02
4.100000000000000000e+03 5.442984326824914660e+02
4.400000000000000000e+03 4.813680611704484136e+02
4.700000000000000000e+03 4.257135358134756302e+02
5.000000000000000000e+03 3.764936421709099363e+02
5.300000000000000000e+03 3.329644248314976380e+02
5.600000000000000000e+03 2.944679425769495538e+02
5.900000000000000000e+03 2.604223236442855409e+02
6.200000000000000000e+03 2.303129707729272582e+02
6.500000000000000000e+03 2.036847831014089820e+02
6.800000000000000000e+03 1.801352773481951033e+02
7.100000000000000000e+03 1.533601585413201462e+02
7.400000000000000000e+03 1.356290552115023331e+02
7.700000000000000000e+03 1.199479760097437122e+02
8.000000000000000000e+03 1.060799024692600483e+02
8.300000000000000000e+03 9.381521958297668107e+01
8.600000000000000000e+03 8.296854748667000479e+01
8.900000000000000000e+03 7.337593945467800438e+01
9.200000000000000000e+03 6.489240385607068617e+01
9.500000000000000000e+03 5.738971261581454542e+01
9.800000000000000000e+03 5.075446305596632612e+01
1.010000000000000000e+04 2.188260239815168262e+00
1.040000000000000000e+04 1.935259272720834867e+00
1.070000000000000000e+04 1.711509620523156583e+00
1.100000000000000000e+04 1.513629322145030320e+00
1.130000000000000000e+04 1.338627430067796498e+00
1.160000000000000000e+04 1.183858802358890072e+00
1.190000000000000000e+04 1.046984121527857248e+00
1.220000000000000000e+04 9.259345358984374386e-01
1.250000000000000000e+04 8.188803890533911112e-01
1.280000000000000000e+04 7.242035646997248000e-01
1.310000000000000000e+04 4.309588321595341776e-01
1.340000000000000000e+04 3.811324909728860955e-01
1.370000000000000000e+04 3.370669419797927002e-01
1.400000000000000000e+04 2.980961373447734708e-01
1.430000000000000000e+04 2.636310359536868098e-01
1.460000000000000000e+04 2.331507000965596932e-01
1.490000000000000000e+04 2.061944215288270543e-01
1.520000000000000000e+04 1.823547578969290095e-01
1.550000000000000000e+04 1.612713742742969414e-01
1.580000000000000000e+04 1.426255967229594912e-01
1.610000000000000000e+04 1.261355955582154631e-01
1.640000000000000000e+04 1.115521255117351285e-01
1.670000000000000000e+04 9.865475840594638279e-02
1.700000000000000000e+04 2.367669176865709948e-02
1.730000000000000000e+04 2.093925414306157737e-02
1.760000000000000000e+04 1.851831194796137517e-02
1.790000000000000000e+04 1.637727280346521277e-02
1.820000000000000000e+04 1.448377504563252982e-02
1.850000000000000000e+04 1.280919858208022163e-02
1.880000000000000000e+04 1.132823230119426802e-02
1.910000000000000000e+04 1.001849149636497953e-02
1.940000000000000000e+04 8.860179522638858551e-03
1.970000000000000000e+04 7.835788571749767104e-03
2.000000000000000000e+04 6.929835042764170318e-03
2.030000000000000000e+04 6.128625508485175365e-03
2.060000000000000000e+04 5.420049740213333037e-03
2.090000000000000000e+04 4.793397662447117583e-03
2.120000000000000000e+04 4.239197470805706157e-03
2.150000000000000000e+04 3.749072466337182406e-03
2.180000000000000000e+04 3.315614442272291854e-03
2.210000000000000000e+04 2.932271709472976211e-03
2.240000000000000000e+04 2.593250068087814969e-03
2.270000000000000000e+04 2.293425228607533055e-03
2.300000000000000000e+04 2.028265358570658424e-03
2.330000000000000000e+04 1.793762584217978642e-03
2.360000000000000000e+04 1.586372411747855168e-03
2.390000000000000000e+04 8.674489837133899815e-04
2.420000000000000000e+04 7.671567845538319061e-04
2.450000000000000000e+04 6.784601090517009166e-04
2.480000000000000000e+04 6.000183128695864808e-04
2.510000000000000000e+04 5.306457534873717250e-04
2.540000000000000000e+04 4.692938692945904339e-04
2.570000000000000000e+04 4.150353306515808900e-04
2.600000000000000000e+04 3.670500233637985304e-04
2.630000000000000000e+04 3.246126527104414698e-04
2.660000000000000000e+04 2.870817806630954314e-04
2.690000000000000000e+04 2.538901305926894911e-04
2.720000000000000000e+04 2.245360129210714458e-04
2.750000000000000000e+04 1.985757421164733509e-04
2.780000000000000000e+04 1.756169304162768130e-04
2.810000000000000000e+04 1.553125569121414093e-04
2.840000000000000000e+04 1.373557223521053251e-04
2.870000000000000000e+04 1.214750103788534010e-04
2.900000000000000000e+04 1.074303850895688819e-04
2.930000000000000000e+04 9.500956290926291484e-05
2.960000000000000000e+04 8.402480393869181613e-05
2.990000000000000000e+04 7.431007427829446456e-05
3.020000000000000000e+04 6.571853643686821622e-05
3.050000000000000000e+04 5.812032989267928767e-05
3.080000000000000000e+04 5.140060826033291227e-05
3.110000000000000000e+04 4.545780339531385969e-05
3.140000000000000000e+04 4.020209019825377896e-05
3.170000000000000000e+04 3.555402891454144133e-05
3.200000000000000000e+04 3.144336440772813800e-05
3.230000000000000000e+04 2.780796425782336496e-05
3.260000000000000000e+04 2.459287963390847223e-05
3.290000000000000000e+04 2.174951474622080773e-05
3.320000000000000000e+04 1.923489232403070829e-05
3.350000000000000000e+04 1.701100401705939386e-05
3.380000000000000000e+04 1.504423590179848567e-05
3.410000000000000000e+04 1.330486040929683268e-05
3.440000000000000000e+04 1.176658699493750725e-05
3.470000000000000000e+04 1.040616475860866586e-05
3.500000000000000000e+04 9.203031008898292475e-06
3.530000000000000000e+04 8.139000459384171363e-06
3.560000000000000000e+04 7.197990359242088602e-06
3.590000000000000000e+04 6.365777403539080123e-06
