3.500000000000000000e+03 2.032328908775588608e+10
3.800000000000000000e+03 1.797356317299252319e+10
4.100000000000000000e+03 1.589550646741425323e+10
4.400000000000000000e+03 1.405770928244609833e+10
4.700000000000000000e+03 1.243239343615065002e+10
5.000000000000000000e+03 1.099499238785986328e+10
5.300000000000000000e+03 9.723779916550525665e+09
5.600000000000000000e+03 8.599541730461858749e+09
5.900000000000000000e+03 7.605285044356414795e+09
6.200000000000000000e+03 6.725981734704006195e+09
6.500000000000000000e+03 5.948341190596382141e+09
6.800000000000000000e+03 5.260609427049341202e+09
7.100000000000000000e+03 5.580366671012224197e+09
7.400000000000000000e+03 4.935179165971077919e+09
7.700000000000000000e+03 4.364586565028899193e+09
8.000000000000000000e+03 3.859964399059954166e+09
8.300000000000000000e+03 3.413685337665338516e+09
8.600000000000000000e+03 3.019003902582447529e+09
8.900000000000000000e+03 2.669954510230720043e+09
9.200000000000000000e+03 2.361261302313497066e+09
9.500000000000000000e+03 2.088258401571580648e+09
9.800000000000000000e+03 1.846819387359493732e+09
1.010000000000000000e+04 2.545837596086069107e+09
1.040000000000000000e+04 2.251494463511813164e+09
1.070000000000000000e+04 1.991182519661777973e+09
1.100000000000000000e+04 1.760967166857893467e+09
1.130000000000000000e+04 1.557368715389410734e+09
1.160000000000000000e+04 1.377309788234904289e+09
1.190000000000000000e+04 1.218068806713730812e+09
1.220000000000000000e+04 1.077238854005708218e+09
1.250000000000000000e+04 9.526912947638248205e+08
1.280000000000000000e+04 8.425436009328756332e+08
1.310000000000000000e+04 1.271937665653787136e+09
1.340000000000000000e+04 1.124879535345986605e+09
1.370000000000000000e+04 9.948238842269040346e+08
1.400000000000000000e+04 8.798049297997980118e+08
1.430000000000000000e+04 7.780841682360302210e+08
1.460000000000000000e+04 6.881240970055928230e+08
1.490000000000000000e+04 6.085649756288608313e+08
1.520000000000000000e+04 5.382042732898892164e+08
1.550000000000000000e+04 4.759784926632913351e+08
1.580000000000000000e+04 4.209470952230632901e+08
1.610000000000000000e+04 3.722782850654644966e+08
1.640000000000000000e+04 3.292364363693796992e+08
1.670000000000000000e+04 2.911709744610734582e+08
1.700000000000000000e+04 2.607067767999866903e+08
1.730000000000000000e+04 2.305645361933508515e+08
1.760000000000000000e+04 2.039072631811146736e+08
1.790000000000000000e+04 1.803320348587562144e+08
1.820000000000000000e+04 1.594825132217830122e+08
1.850000000000000000e+04 1.410435591405472457e+08
1.880000000000000000e+04 1.247364690533099473e+08
1.910000000000000000e+04 1.103147623804848641e+08
1.940000000000000000e+04 9.756045598710924387e+07
1.970000000000000000e+04 8.628076938228939474e+07
2.000000000000000000e+04 7.630521085493336618e+07
2.030000000000000000e+04 6.748300050290229917e+07
2.060000000000000000e+04 5.968079120484191924e+07
2.090000000000000000e+04 5.278065308733198792e+07
2.120000000000000000e+04 4.667829102271140367e+07
2.150000000000000000e+04 4.128146821517626941e+07
2.180000000000000000e+04 3.650861204776001722e+07
2.210000000000000000e+04 3.228758111766582355e+07
2.240000000000000000e+04 2.855457482377262041e+07
2.270000000000000000e+04 2.525316902480228245e+07
2.300000000000000000e+04 2.233346319218553975e+07
2.330000000000000000e+04 1.975132616689920053e+07
2.360000000000000000e+04 1.746772911993955448e+07
2.390000000000000000e+04 1.540383456746313162e+07
2.420000000000000000e+04 1.362288321093777753e+07
2.450000000000000000e+04 1.204784082600116171e+07
2.480000000000000000e+04 1.065490075200231932e+07
2.510000000000000000e+04 9.423008792580503970e+06
2.540000000000000000e+04 8.333544982890905812e+06
2.570000000000000000e+04 7.370042150077199563e+06
2.600000000000000000e+04 6.517937013051521033e+06
2.630000000000000000e+04 5.764350059471768327e+06
2.660000000000000000e+04 5.097890872771100141e+06
2.690000000000000000e+04 4.508485966770788655e+06
2.720000000000000000e+04 3.987226525608252268e+06
2.750000000000000000e+04 3.526233747579132207e+06
2.780000000000000000e+04 3.118539757574742660e+06
2.810000000000000000e+04 2.757982288114357740e+06
2.840000000000000000e+04 2.439111537082972005e+06
2.870000000000000000e+04 2.157107794335688464e+06
2.900000000000000000e+04 1.907708592100149952e+06
2.930000000000000000e+04 1.687144278060298879e+06
2.960000000000000000e+04 1.492081037312943023e+06
2.990000000000000000e+04 1.319570501977724489e+06
3.020000000000000000e+04 1.167005186813143315e+06
3.050000000000000000e+04 1.032079077250977978e+06
3.080000000000000000e+04 9.127527741398003418e+05
3.110000000000000000e+04 8.072226683627503226e+05
3.140000000000000000e+04 7.138936794059829554e+05
3.170000000000000000e+04 6.313551458230192075e+05
3.200000000000000000e+04 5.583595031810356304e+05
3.230000000000000000e+04 4.938034272076198249e+05
3.260000000000000000e+04 4.367111571179445018e+05
3.290000000000000000e+04 3.862197470555566833e+05
3.320000000000000000e+04 3.415660227232818725e+05
3.350000000000000000e+04 3.020750460545947426e+05
3.380000000000000000e+04 2.671499135697428137e+05
3.410000000000000000e+04 2.362627342194379598e+05
3.440000000000000000e+04 2.089466503468366864e+05
3.470000000000000000e+04 1.847887811651816301e+05
3.500000000000000000e+04 1.634239820922328217e+05
3.530000000000000000e+04 1.445293256142470345e+05
3.560000000000000000e+04 1.278192202581378806e+05
3.590000000000000000e+04 1.130410938953957957e+05
