3.500000000000000000e+03 7.981462528976951489e+02
3.800000000000000000e+03 7.058666555300197842e+02
4.100000000000000000e+03 6.242561856053719112e+02
4.400000000000000000e+03 5.520813063112527743e+02
4.700000000000000000e+03 4.882510991585384659e+02
5.000000000000000000e+03 4.318007748212394290e+02
5.300000000000000000e+03 3.818770904101546648e+02
5.600000000000000000e+03 3.377254527634822239e+02
5.900000000000000000e+03 2.986785128214806946e+02
6.200000000000000000e+03 2.641460786899191362e+02
6.500000000000000000e+03 2.336061949289407949e+02
6.800000000000000000e+03 2.065972532313838315e+02
7.100000000000000000e+03 6.609504644284254482e+01
7.400000000000000000e+03 5.845330878937376440e+01
7.700000000000000000e+03 5.169508900157355669e+01
8.000000000000000000e+03 4.571823703787360671e+01
8.300000000000000000e+03 4.043241317927850531e+01
8.600000000000000000e+03 3.575772255053536242e+01
8.900000000000000000e+03 3.162350751442042096e+01
9.200000000000000000e+03 2.796727968626267824e+01
9.500000000000000000e+03 2.473377542617528491e+01
9.800000000000000000e+03 2.187412053282266555e+01
1.010000000000000000e+04 1.716602741294889656e+00
1.040000000000000000e+04 1.518133589517459914e+00
1.070000000000000000e+04 1.342610925741987815e+00
1.100000000000000000e+04 1.187381736606406113e+00
1.130000000000000000e+04 1.050099743264998553e+00
1.160000000000000000e+04 9.286899375400649026e-01
1.190000000000000000e+04 8.213172183116332903e-01
1.220000000000000000e+04 7.263586540863729013e-01
1.250000000000000000e+04 6.423789524962574271e-01
1.280000000000000000e+04 5.681087659501061760e-01
1.310000000000000000e+04 1.651878063100146732e-01
1.340000000000000000e+04 1.460892210557510895e-01
1.370000000000000000e+04 1.291987646389744226e-01
1.400000000000000000e+04 1.142611389369168201e-01
1.430000000000000000e+04 1.010505627328809608e-01
1.460000000000000000e+04 8.936735904820174159e-02
1.490000000000000000e+04 7.903493703802459691e-02
1.520000000000000000e+04 6.989712283245780311e-02
1.550000000000000000e+04 6.181579897893982323e-02
1.580000000000000000e+04 5.466881680615132827e-02
1.610000000000000000e+04 4.834815015499125540e-02
1.640000000000000000e+04 4.275826257038291972e-02
1.670000000000000000e+04 3.781466327412458944e-02
1.700000000000000000e+04 2.334772225064812856e-02
1.730000000000000000e+04 2.064831922655313914e-02
1.760000000000000000e+04 1.826101417108508609e-02
1.790000000000000000e+04 1.614972312747587832e-02
1.820000000000000000e+04 1.428253407234674789e-02
1.850000000000000000e+04 1.263122456760214056e-02
1.880000000000000000e+04 1.117083518015936187e-02
1.910000000000000000e+04 9.879292221781400124e-03
1.940000000000000000e+04 8.737074106750737645e-03
1.970000000000000000e+04 7.726916284402552196e-03
2.000000000000000000e+04 6.833550286592380771e-03
2.030000000000000000e+04 6.043472945817922500e-03
2.060000000000000000e+04 5.344742295742440502e-03
2.090000000000000000e+04 4.726797069169641832e-03
2.120000000000000000e+04 4.180297065194061440e-03
2.150000000000000000e+04 3.696981972687039212e-03
2.180000000000000000e+04 3.269546516244645467e-03
2.210000000000000000e+04 2.891530037436952638e-03
2.240000000000000000e+04 2.557218842386558937e-03
2.270000000000000000e+04 2.261559839666525337e-03
2.300000000000000000e+04 2.000084163160303474e-03
2.330000000000000000e+04 1.768839625448296584e-03
2.360000000000000000e+04 1.564330980758486637e-03
2.390000000000000000e+04 9.413779319244825394e-04
2.420000000000000000e+04 8.325382597297916734e-04
2.450000000000000000e+04 7.362823478312760387e-04
2.480000000000000000e+04 6.511552945373166781e-04
2.510000000000000000e+04 5.758704101122112543e-04
2.540000000000000000e+04 5.092897685466048381e-04
2.570000000000000000e+04 4.504070078817110166e-04
2.600000000000000000e+04 3.983321191153894750e-04
2.630000000000000000e+04 3.522779937754151104e-04
2.660000000000000000e+04 3.115485268273893095e-04
2.690000000000000000e+04 2.755280950935462460e-04
2.720000000000000000e+04 2.436722521494659194e-04
2.750000000000000000e+04 2.154994990526605970e-04
2.780000000000000000e+04 1.905840065181559051e-04
2.810000000000000000e+04 1.685491785372396139e-04
2.840000000000000000e+04 1.490619601538907492e-04
2.870000000000000000e+04 1.318278033613251598e-04
2.900000000000000000e+04 1.165862150285069748e-04
2.930000000000000000e+04 1.031068195638377868e-04
2.960000000000000000e+04 9.118587680344854664e-05
2.990000000000000000e+04 8.064320249220404172e-05
3.020000000000000000e+04 7.131944481069751125e-05
3.050000000000000000e+04 6.307367578312440338e-05
3.080000000000000000e+04 5.578126116032220246e-05
3.110000000000000000e+04 4.933197658140242803e-05
3.140000000000000000e+04 4.362834153988470851e-05
3.170000000000000000e+04 3.858414597233868350e-05
3.200000000000000000e+04 3.412314719902309699e-05
3.230000000000000000e+04 3.017791752086365720e-05
3.260000000000000000e+04 2.668882505427636292e-05
3.290000000000000000e+04 2.360313239922277444e-05
3.320000000000000000e+04 2.087419951692385324e-05
3.350000000000000000e+04 1.846077876878288247e-05
3.380000000000000000e+04 1.632639146107803664e-05
3.410000000000000000e+04 1.443877647193840877e-05
3.440000000000000000e+04 1.276940262663748724e-05
3.470000000000000000e+04 1.129303745078933500e-05
3.500000000000000000e+04 9.987365783180208323e-06
3.530000000000000000e+04 8.832652483594368787e-06
3.560000000000000000e+04 7.811444137485459773e-06
3.590000000000000000e+04 6.908305248779000928e-06
