3.500000000000000000e+03 2.020887941816170502e+10
3.800000000000000000e+03 1.787238125233131027e+10
4.100000000000000000e+03 1.580602293770032120e+10
4.400000000000000000e+03 1.397857160609307861e+10
4.700000000000000000e+03 1.236240545245603180e+10
5.000000000000000000e+03 1.093309623311572456e+10
5.300000000000000000e+03 9.669040034504104614e+09
5.600000000000000000e+03 8.551130731445156097e+09
5.900000000000000000e+03 7.562471199346522331e+09
6.200000000000000000e+03 6.688117915287708282e+09
6.500000000000000000e+03 5.914855087667324066e+09
6.800000000000000000e+03 5.230994900394040108e+09
7.100000000000000000e+03 5.156551708120634079e+09
7.400000000000000000e+03 4.560364588650482178e+09
7.700000000000000000e+03 4.033107075929426193e+09
8.000000000000000000e+03 3.566809707801338673e+09
8.300000000000000000e+03 3.154424430631827354e+09
8.600000000000000000e+03 2.789718068447382927e+09
8.900000000000000000e+03 2.467178108896072388e+09
9.200000000000000000e+03 2.181929381990809917e+09
9.500000000000000000e+03 1.929660372240010500e+09
9.800000000000000000e+03 1.706558050378341913e+09
1.010000000000000000e+04 2.507774662708354950e+09
1.040000000000000000e+04 2.217832267660555363e+09
1.070000000000000000e+04 1.961412259490715027e+09
1.100000000000000000e+04 1.734638866869118690e+09
1.130000000000000000e+04 1.534084425083721876e+09
1.160000000000000000e+04 1.356717567116535902e+09
1.190000000000000000e+04 1.199857404733222008e+09
1.220000000000000000e+04 1.061133007036152124e+09
1.250000000000000000e+04 9.384475640019439459e+08
1.280000000000000000e+04 8.299466933377361298e+08
1.310000000000000000e+04 1.326388708922208309e+09
1.340000000000000000e+04 1.173035090374229908e+09
1.370000000000000000e+04 1.037411819019018412e+09
1.400000000000000000e+04 9.174689581511205435e+08
1.430000000000000000e+04 8.113935794242870808e+08
1.460000000000000000e+04 7.175823605603837967e+08
1.490000000000000000e+04 6.346173512400351763e+08
1.520000000000000000e+04 5.612445408780759573e+08
1.550000000000000000e+04 4.963549043371487260e+08
1.580000000000000000e+04 4.389676390866852403e+08
1.610000000000000000e+04 3.882153404380434752e+08
1.640000000000000000e+04 3.433308907804573774e+08
1.670000000000000000e+04 3.036358646494923234e+08
1.700000000000000000e+04 2.599459886078423262e+08
1.730000000000000000e+04 2.298917083565903604e+08
1.760000000000000000e+04 2.033122259518381953e+08
1.790000000000000000e+04 1.798057942889103889e+08
1.820000000000000000e+04 1.590171152202354372e+08
1.850000000000000000e+04 1.406319692475293577e+08
1.880000000000000000e+04 1.243724661150267422e+08
1.910000000000000000e+04 1.099928445167897940e+08
1.940000000000000000e+04 9.727575743095257878e+07
1.970000000000000000e+04 8.602898693397378922e+07
2.000000000000000000e+04 7.608253883953709900e+07
2.030000000000000000e+04 6.728607324775670469e+07
2.060000000000000000e+04 5.950663216761323810e+07
2.090000000000000000e+04 5.262662986578252912e+07
2.120000000000000000e+04 4.654207556611511111e+07
2.150000000000000000e+04 4.116100163598725945e+07
2.180000000000000000e+04 3.640207350166451931e+07
2.210000000000000000e+04 3.219336028164179996e+07
2.240000000000000000e+04 2.847124755616463348e+07
2.270000000000000000e+04 2.517947583951529860e+07
2.300000000000000000e+04 2.226829022163655609e+07
2.330000000000000000e+04 1.969368832598301768e+07
2.360000000000000000e+04 1.741675521653304249e+07
2.390000000000000000e+04 1.535829593541421182e+07
2.420000000000000000e+04 1.358260963728497922e+07
2.450000000000000000e+04 1.201222357836348005e+07
2.480000000000000000e+04 1.062340147805606946e+07
2.510000000000000000e+04 9.395151382899831980e+06
2.540000000000000000e+04 8.308908374585559592e+06
2.570000000000000000e+04 7.348253962454986759e+06
2.600000000000000000e+04 6.498667919109007344e+06
2.630000000000000000e+04 5.747308808138550259e+06
2.660000000000000000e+04 5.082819886669300497e+06
2.690000000000000000e+04 4.495157448950157501e+06
2.720000000000000000e+04 3.975439016410451848e+06
2.750000000000000000e+04 3.515809079588431399e+06
2.780000000000000000e+04 3.109320362629403826e+06
2.810000000000000000e+04 2.749828815674374811e+06
2.840000000000000000e+04 2.431900747955950908e+06
2.870000000000000000e+04 2.150730697924668435e+06
2.900000000000000000e+04 1.902068799017996760e+06
2.930000000000000000e+04 1.682156543210541597e+06
2.960000000000000000e+04 1.487669971415826818e+06
2.990000000000000000e+04 1.315669432066269219e+06
3.020000000000000000e+04 1.163555148475694703e+06
3.050000000000000000e+04 1.029027923388056341e+06
3.080000000000000000e+04 9.100543867641673423e+05
3.110000000000000000e+04 8.048362615291062975e+05
3.140000000000000000e+04 7.117831827341226162e+05
3.170000000000000000e+04 6.294886592964400770e+05
3.200000000000000000e+04 5.567088149803139968e+05
3.230000000000000000e+04 4.923435872906422010e+05
3.260000000000000000e+04 4.354201001016832306e+05
3.290000000000000000e+04 3.850779586992769619e+05
3.320000000000000000e+04 3.405562449720936129e+05
3.350000000000000000e+04 3.011820161851039156e+05
3.380000000000000000e+04 2.663601334950042074e+05
3.410000000000000000e+04 2.355642664662711031e+05
3.440000000000000000e+04 2.083289376217144600e+05
3.470000000000000000e+04 1.842424867814426252e+05
3.500000000000000000e+04 1.629408488466845010e+05
3.530000000000000000e+04 1.441020509800901345e+05
3.560000000000000000e+04 1.274413460077606433e+05
3.590000000000000000e+04 1.127069084846940532e+05
