3.500000000000000000e+03 8.766534375681272877e+02
3.800000000000000000e+03 7.752970433533132564e+02
4.100000000000000000e+03 6.856592122650262127e+02
4.400000000000000000e+03 6.063850744619085162e+02
4.700000000000000000e+03 5.362764066357309503e+02
5.000000000000000000e+03 4.742735209459673911e+02
5.300000000000000000e+03 4.194392479087254628e+02
5.600000000000000000e+03 3.709447711424742806e+02
5.900000000000000000e+03 3.280570998636872559e+02
6.200000000000000000e+03 2.901279897800136496e+02
6.500000000000000000e+03 2.565841449210133760e+02
6.800000000000000000e+03 2.269185523077816526e+02
7.100000000000000000e+03 4.090259280337323844e+01
7.400000000000000000e+03 3.617354122731696009e+01
7.700000000000000000e+03 3.199125031546865827e+01
8.000000000000000000e+03 2.829250501950049212e+01
8.300000000000000000e+03 2.502139905083401317e+01
8.600000000000000000e+03 2.212848986081510816e+01
8.900000000000000000e+03 1.957005131988714197e+01
9.200000000000000000e+03 1.730741280005760530e+01
9.500000000000000000e+03 1.530637467093394299e+01
9.800000000000000000e+03 1.353669137458999394e+01
1.010000000000000000e+04 1.794079545678723520e+00
1.040000000000000000e+04 1.586652726947501924e+00
1.070000000000000000e+04 1.403208058412790171e+00
1.100000000000000000e+04 1.240972786138690998e+00
1.130000000000000000e+04 1.097494734799898009e+00
1.160000000000000000e+04 9.706052432151276443e-01
1.190000000000000000e+04 8.583863851779311993e-01
1.220000000000000000e+04 7.591419801299418291e-01
1.250000000000000000e+04 6.713719555048053289e-01
1.280000000000000000e+04 5.937496732313419789e-01
1.310000000000000000e+04 1.038302844599051783e-01
1.340000000000000000e+04 9.182569656671443759e-02
1.370000000000000000e+04 8.120904795573748169e-02
1.400000000000000000e+04 7.181986869095900727e-02
1.430000000000000000e+04 6.351624195370425552e-02
1.460000000000000000e+04 5.617265897938569785e-02
1.490000000000000000e+04 4.967812200089297830e-02
1.520000000000000000e+04 4.393446652474275460e-02
1.550000000000000000e+04 3.885487758130316827e-02
1.580000000000000000e+04 3.436257752231563350e-02
1.610000000000000000e+04 3.038966553185959429e-02
1.640000000000000000e+04 2.687609131004617402e-02
1.670000000000000000e+04 2.376874741673865032e-02
1.700000000000000000e+04 2.176807333434156375e-02
1.730000000000000000e+04 1.925130521638042727e-02
1.760000000000000000e+04 1.702551929341184281e-02
1.790000000000000000e+04 1.505707295958808034e-02
1.820000000000000000e+04 1.331621327979629586e-02
1.850000000000000000e+04 1.177662727602764130e-02
1.880000000000000000e+04 1.041504420846883251e-02
1.910000000000000000e+04 9.210883839821158367e-03
1.940000000000000000e+04 8.145945366385675193e-03
1.970000000000000000e+04 7.204132314128569754e-03
2.000000000000000000e+04 6.371209241549222538e-03
2.030000000000000000e+04 5.634586571930878980e-03
2.060000000000000000e+04 4.983130302727872829e-03
2.090000000000000000e+04 4.406993715859337628e-03
2.120000000000000000e+04 3.897468545221840618e-03
2.150000000000000000e+04 3.446853351827766296e-03
2.180000000000000000e+04 3.048337117068399167e-03
2.210000000000000000e+04 2.695896294621703479e-03
2.240000000000000000e+04 2.384203764951220526e-03
2.270000000000000000e+04 2.108548316249396481e-03
2.300000000000000000e+04 1.864763434785166388e-03
2.330000000000000000e+04 1.649164328326670594e-03
2.360000000000000000e+04 1.458492230752312692e-03
2.390000000000000000e+04 1.000917162383160777e-03
2.420000000000000000e+04 8.851937189568675037e-04
2.450000000000000000e+04 7.828499195827875881e-04
2.480000000000000000e+04 6.923388445559459274e-04
2.510000000000000000e+04 6.122924250110636270e-04
2.540000000000000000e+04 5.415007646528696575e-04
2.570000000000000000e+04 4.788938522542474097e-04
2.600000000000000000e+04 4.235253885078647221e-04
2.630000000000000000e+04 3.745584827752334602e-04
2.660000000000000000e+04 3.312530035404949859e-04
2.690000000000000000e+04 2.929543913718948541e-04
2.720000000000000000e+04 2.590837652996127029e-04
2.750000000000000000e+04 2.291291730684896419e-04
2.780000000000000000e+04 2.026378530138191983e-04
2.810000000000000000e+04 1.792093905989714864e-04
2.840000000000000000e+04 1.584896661763607047e-04
2.870000000000000000e+04 1.401655024925820600e-04
2.900000000000000000e+04 1.239599310351024043e-04
2.930000000000000000e+04 1.096280056716560851e-04
2.960000000000000000e+04 9.695310030578649537e-05
2.990000000000000000e+04 8.574363458783802933e-05
3.020000000000000000e+04 7.583017819074206627e-05
3.050000000000000000e+04 6.706288988191914555e-05
3.080000000000000000e+04 5.930925268303673012e-05
3.110000000000000000e+04 5.245207088471549498e-05
3.140000000000000000e+04 4.638769864119551573e-05
3.170000000000000000e+04 4.102447337028605631e-05
3.200000000000000000e+04 3.628133027954703215e-05
3.230000000000000000e+04 3.208657707735496116e-05
3.260000000000000000e+04 2.837681034869409924e-05
3.290000000000000000e+04 2.509595721676560488e-05
3.320000000000000000e+04 2.219442780519251748e-05
3.350000000000000000e+04 1.962836569034395533e-05
3.380000000000000000e+04 1.735898501441586714e-05
3.410000000000000000e+04 1.535198423977573632e-05
3.440000000000000000e+04 1.357702768350785420e-05
3.470000000000000000e+04 1.200728699558848180e-05
3.500000000000000000e+04 1.061903565016364744e-05
3.530000000000000000e+04 9.391290320692430605e-06
3.560000000000000000e+04 8.305493718365316642e-06
3.590000000000000000e+04 7.345234099920735530e-06
