3.500000000000000000e+03 2.070229331416428375e+10
3.800000000000000000e+03 1.830874791483072281e+10
4.100000000000000000e+03 1.619193801971065712e+10
4.400000000000000000e+03 1.431986818835260201e+10
4.700000000000000000e+03 1.266424221005368423e+10
5.000000000000000000e+03 1.120003540852120018e+10
5.300000000000000000e+03 9.905116395558643341e+09
5.600000000000000000e+03 8.759912556608501434e+09
5.900000000000000000e+03 7.747114211987959862e+09
6.200000000000000000e+03 6.851412982234421730e+09
6.500000000000000000e+03 6.059270402970446587e+09
6.800000000000000000e+03 5.358713291917197227e+09
7.100000000000000000e+03 4.598446067334206581e+09
7.400000000000000000e+03 4.066785672926562786e+09
7.700000000000000000e+03 3.596594472860381126e+09
8.000000000000000000e+03 3.180765558491094589e+09
8.300000000000000000e+03 2.813013703498486996e+09
8.600000000000000000e+03 2.487780363109846592e+09
8.900000000000000000e+03 2.200149657066287041e+09
9.200000000000000000e+03 1.945774066420332432e+09
9.500000000000000000e+03 1.720808721076854467e+09
9.800000000000000000e+03 1.521853284837889910e+09
1.010000000000000000e+04 2.386189433649696827e+09
1.040000000000000000e+04 2.110304407088757992e+09
1.070000000000000000e+04 1.866316490961382866e+09
1.100000000000000000e+04 1.650537824180316210e+09
1.130000000000000000e+04 1.459706926581650257e+09
1.160000000000000000e+04 1.290939401869575739e+09
1.190000000000000000e+04 1.141684340158647060e+09
1.220000000000000000e+04 1.009685761140918493e+09
1.250000000000000000e+04 8.929485150939816236e+08
1.280000000000000000e+04 7.897081263259121180e+08
1.310000000000000000e+04 1.247128015584133148e+09
1.340000000000000000e+04 1.102938312598954916e+09
1.370000000000000000e+04 9.754194486833449602e+08
1.400000000000000000e+04 8.626439847100318670e+08
1.430000000000000000e+04 7.629073270590283871e+08
1.460000000000000000e+04 6.747019627987012863e+08
1.490000000000000000e+04 5.966946737283041477e+08
1.520000000000000000e+04 5.277063848737525344e+08
1.550000000000000000e+04 4.666943428479872346e+08
1.580000000000000000e+04 4.127363547030444741e+08
1.610000000000000000e+04 3.650168490451248288e+08
1.640000000000000000e+04 3.228145487273420691e+08
1.670000000000000000e+04 2.854915687937318087e+08
1.700000000000000000e+04 2.620268041554504931e+08
1.730000000000000000e+04 2.317319454134362936e+08
1.760000000000000000e+04 2.049396995783600509e+08
1.790000000000000000e+04 1.812451036404804587e+08
1.820000000000000000e+04 1.602900153617538512e+08
1.850000000000000000e+04 1.417576999797795713e+08
1.880000000000000000e+04 1.253680427829819322e+08
1.910000000000000000e+04 1.108733151954178214e+08
1.940000000000000000e+04 9.805443037586592138e+07
1.970000000000000000e+04 8.671763173482607305e+07
2.000000000000000000e+04 7.669156431658588350e+07
2.030000000000000000e+04 6.782468478048804402e+07
2.060000000000000000e+04 5.998297083343881369e+07
2.090000000000000000e+04 5.304789549188205600e+07
2.120000000000000000e+04 4.691463555434416234e+07
2.150000000000000000e+04 4.149048720573188365e+07
2.180000000000000000e+04 3.669346480534687638e+07
2.210000000000000000e+04 3.245106167939197272e+07
2.240000000000000000e+04 2.869915418743042275e+07
2.270000000000000000e+04 2.538103249783530831e+07
2.300000000000000000e+04 2.244654342246489227e+07
2.330000000000000000e+04 1.985133235456726700e+07
2.360000000000000000e+04 1.755617285185620189e+07
2.390000000000000000e+04 1.520500059731777757e+07
2.420000000000000000e+04 1.344703790814683214e+07
2.450000000000000000e+04 1.189232630053533800e+07
2.480000000000000000e+04 1.051736641217629425e+07
2.510000000000000000e+04 9.301375816016284749e+06
2.540000000000000000e+04 8.225974895256163552e+06
2.570000000000000000e+04 7.274909036668296903e+06
2.600000000000000000e+04 6.433802943201157264e+06
2.630000000000000000e+04 5.689943352322799154e+06
2.660000000000000000e+04 5.032086875905157998e+06
2.690000000000000000e+04 4.450290057161944918e+06
2.720000000000000000e+04 3.935759075962295290e+06
2.750000000000000000e+04 3.480716830825646408e+06
2.780000000000000000e+04 3.078285388551301323e+06
2.810000000000000000e+04 2.722382024716653861e+06
2.840000000000000000e+04 2.407627283702977002e+06
2.870000000000000000e+04 2.129263668582403101e+06
2.900000000000000000e+04 1.883083731868990930e+06
2.930000000000000000e+04 1.665366480230443878e+06
2.960000000000000000e+04 1.472821131921970984e+06
2.990000000000000000e+04 1.302537376839576755e+06
3.020000000000000000e+04 1.151941387376838829e+06
3.050000000000000000e+04 1.018756915192237939e+06
3.080000000000000000e+04 9.009708858672044007e+05
3.110000000000000000e+04 7.968029714204760967e+05
3.140000000000000000e+04 7.046786807693582959e+05
3.170000000000000000e+04 6.232055614019522909e+05
3.200000000000000000e+04 5.511521525502791628e+05
3.230000000000000000e+04 4.874293717428548844e+05
3.260000000000000000e+04 4.310740533957358566e+05
3.290000000000000000e+04 3.812343906289304723e+05
3.320000000000000000e+04 3.371570602621890139e+05
3.350000000000000000e+04 2.981758363853514893e+05
3.380000000000000000e+04 2.637015203981320956e+05
3.410000000000000000e+04 2.332130353125518304e+05
3.440000000000000000e+04 2.062495497090000135e+05
3.470000000000000000e+04 1.824035123000509047e+05
3.500000000000000000e+04 1.613144918199211243e+05
3.530000000000000000e+04 1.426637291299136996e+05
3.560000000000000000e+04 1.261693191952888155e+05
3.590000000000000000e+04 1.115819501094536245e+05
