3.500000000000000000e+03 7.163265431360925959e+02
3.800000000000000000e+03 6.335067281656021123e+02
4.100000000000000000e+03 5.602623251597681246e+02
4.400000000000000000e+03 4.954862498498615082e+02
4.700000000000000000e+03 4.381994161757510255e+02
5.000000000000000000e+03 3.875359374653752980e+02
5.300000000000000000e+03 3.427300386154141165e+02
5.600000000000000000e+03 3.031044814516544079e+02
5.900000000000000000e+03 2.680603283191310311e+02
6.200000000000000000e+03 2.370678891793999412e+02
6.500000000000000000e+03 2.096587153809183235e+02
6.800000000000000000e+03 1.854185190889048442e+02
7.100000000000000000e+03 2.515134083930087741e+02
7.400000000000000000e+03 2.224340811709419086e+02
7.700000000000000000e+03 1.967168302576129690e+02
8.000000000000000000e+03 1.739729411198603941e+02
8.300000000000000000e+03 1.538586413895467047e+02
8.600000000000000000e+03 1.360699047671311916e+02
8.900000000000000000e+03 1.203378556844197220e+02
9.200000000000000000e+03 1.064247052682752610e+02
9.500000000000000000e+03 9.412015717765258671e+01
9.800000000000000000e+03 8.323822898842216489e+01
1.010000000000000000e+04 2.699038065539902220e+00
1.040000000000000000e+04 2.386982292473490030e+00
1.070000000000000000e+04 2.111005597634006303e+00
1.100000000000000000e+04 1.866936611676436764e+00
1.130000000000000000e+04 1.651086248148442071e+00
1.160000000000000000e+04 1.460191943194568909e+00
1.190000000000000000e+04 1.291368342121057555e+00
1.220000000000000000e+04 1.142063687451998488e+00
1.250000000000000000e+04 1.010021249285190770e+00
1.280000000000000000e+04 8.932452149701108901e-01
1.310000000000000000e+04 1.941566365570118469e-01
1.340000000000000000e+04 1.717087503673618565e-01
1.370000000000000000e+04 1.518562304928647022e-01
1.400000000000000000e+04 1.342990074190496819e-01
1.430000000000000000e+04 1.187717048895760158e-01
1.460000000000000000e+04 1.050396287618098889e-01
1.490000000000000000e+04 9.289521962050381609e-02
1.520000000000000000e+04 8.215491553107194533e-02
1.550000000000000000e+04 7.265637751318511361e-02
1.580000000000000000e+04 6.425603579790553632e-02
1.610000000000000000e+04 5.682691978020034534e-02
1.640000000000000000e+04 5.025673886671028212e-02
1.670000000000000000e+04 4.444618521091698443e-02
1.700000000000000000e+04 7.079228322425704101e-02
1.730000000000000000e+04 6.260746325052947425e-02
1.760000000000000000e+04 5.536895091022170368e-02
1.790000000000000000e+04 4.896733657185207284e-02
1.820000000000000000e+04 4.330586026144818412e-02
1.850000000000000000e+04 3.829894914199015454e-02
1.880000000000000000e+04 3.387092408568391499e-02
1.910000000000000000e+04 2.995485578898959486e-02
1.940000000000000000e+04 2.649155314066025529e-02
1.970000000000000000e+04 2.342866855204106882e-02
2.000000000000000000e+04 2.071990672675667541e-02
2.030000000000000000e+04 1.832432491039252126e-02
2.060000000000000000e+04 1.620571404349138017e-02
2.090000000000000000e+04 1.433205146403334143e-02
2.120000000000000000e+04 1.267501688703417256e-02
2.150000000000000000e+04 1.120956434532572460e-02
2.180000000000000000e+04 9.913543621431791797e-03
2.210000000000000000e+04 8.767365448507547995e-03
2.240000000000000000e+04 7.753705419877117075e-03
2.270000000000000000e+04 6.857242131781553923e-03
2.300000000000000000e+04 6.064425601382370142e-03
2.330000000000000000e+04 5.363272459674238435e-03
2.360000000000000000e+04 4.743184823661346708e-03
2.390000000000000000e+04 8.410955098914267526e-04
2.420000000000000000e+04 7.438502309481839726e-04
2.450000000000000000e+04 6.578481986583077342e-04
2.480000000000000000e+04 5.817894980369071618e-04
2.510000000000000000e+04 5.145245068944009469e-04
2.540000000000000000e+04 4.550365193737688986e-04
2.570000000000000000e+04 4.024263785092954660e-04
2.600000000000000000e+04 3.558988855289712226e-04
2.630000000000000000e+04 3.147507804780691975e-04
2.660000000000000000e+04 2.783601124918093903e-04
2.690000000000000000e+04 2.461768390494949448e-04
2.720000000000000000e+04 2.177145121184852693e-04
2.750000000000000000e+04 1.925429255246073937e-04
2.780000000000000000e+04 1.702816124145116992e-04
2.810000000000000000e+04 1.505940945245497155e-04
2.840000000000000000e+04 1.331827963342462116e-04
2.870000000000000000e+04 1.177845472321474774e-04
2.900000000000000000e+04 1.041666037095715427e-04
2.930000000000000000e+04 9.212313145798956644e-05
2.960000000000000000e+04 8.147209419717514741e-05
2.990000000000000000e+04 7.205250220896315737e-05
3.020000000000000000e+04 6.372197898839125759e-05
3.050000000000000000e+04 5.635460923231978755e-05
3.080000000000000000e+04 4.983903563801807138e-05
3.110000000000000000e+04 4.407677574495675894e-05
3.140000000000000000e+04 3.898073337898298588e-05
3.170000000000000000e+04 3.447388219945315827e-05
3.200000000000000000e+04 3.048810145122982950e-05
3.230000000000000000e+04 2.696314632400839339e-05
3.260000000000000000e+04 2.384573735602550057e-05
3.290000000000000000e+04 2.108875511854647986e-05
3.320000000000000000e+04 1.865052800884106935e-05
3.350000000000000000e+04 1.649420238668592681e-05
3.380000000000000000e+04 1.458718553404973196e-05
3.410000000000000000e+04 1.290065301833269976e-05
3.440000000000000000e+04 1.140911301298931239e-05
3.470000000000000000e+04 1.009002099026961659e-05
3.500000000000000000e+04 8.923438962185084816e-06
3.530000000000000000e+04 7.891734119149231924e-06
3.560000000000000000e+04 6.979312311236321886e-06
3.590000000000000000e+04 6.172382343644651770e-06
