3.500000000000000000e+03 2.067240474585405731e+10
3.800000000000000000e+03 1.828231498518264389e+10
4.100000000000000000e+03 1.616856119675520325e+10
4.400000000000000000e+03 1.429919413296916962e+10
4.700000000000000000e+03 1.264595843527335548e+10
5.000000000000000000e+03 1.118386555630702400e+10
5.300000000000000000e+03 9.890816059672336578e+09
5.600000000000000000e+03 8.747265588426445007e+09
5.900000000000000000e+03 7.735929453429168701e+09
6.200000000000000000e+03 6.841521376418896675e+09
6.500000000000000000e+03 6.050522438935688972e+09
6.800000000000000000e+03 5.350976744769987106e+09
7.100000000000000000e+03 4.545458474854112625e+09
7.400000000000000000e+03 4.019924368306361198e+09
7.700000000000000000e+03 3.555151150604660511e+09
8.000000000000000000e+03 3.144113805546702862e+09
8.300000000000000000e+03 2.780599531062991142e+09
8.600000000000000000e+03 2.459113833127716064e+09
8.900000000000000000e+03 2.174797476847844124e+09
9.200000000000000000e+03 1.923353039451631784e+09
9.500000000000000000e+03 1.700979955029921055e+09
9.800000000000000000e+03 1.504317069235772133e+09
1.010000000000000000e+04 2.497082294961505890e+09
1.040000000000000000e+04 2.208376123709789276e+09
1.070000000000000000e+04 1.953049410350592136e+09
1.100000000000000000e+04 1.727242908632380009e+09
1.130000000000000000e+04 1.527543568334658146e+09
1.160000000000000000e+04 1.350932947241417646e+09
1.190000000000000000e+04 1.194741587588258505e+09
1.220000000000000000e+04 1.056608667386234403e+09
1.250000000000000000e+04 9.344463167548700571e+08
1.280000000000000000e+04 8.264080599081025124e+08
1.310000000000000000e+04 1.280335693559210777e+09
1.340000000000000000e+04 1.132306605070523739e+09
1.370000000000000000e+04 1.001392255434328437e+09
1.400000000000000000e+04 8.856138829830423594e+08
1.430000000000000000e+04 7.832215053352156878e+08
1.460000000000000000e+04 6.926674685285022259e+08
1.490000000000000000e+04 6.125830543331875801e+08
1.520000000000000000e+04 5.417577921673911810e+08
1.550000000000000000e+04 4.791211629149132371e+08
1.580000000000000000e+04 4.237264181001580954e+08
1.610000000000000000e+04 3.747362698480411172e+08
1.640000000000000000e+04 3.314102353335695863e+08
1.670000000000000000e+04 2.930934444333079457e+08
1.700000000000000000e+04 2.589901981291107833e+08
1.730000000000000000e+04 2.290464238912930787e+08
1.760000000000000000e+04 2.025646710816314816e+08
1.790000000000000000e+04 1.791446697717655003e+08
1.820000000000000000e+04 1.584324282031483650e+08
1.850000000000000000e+04 1.401148822252139151e+08
1.880000000000000000e+04 1.239151633516113758e+08
1.910000000000000000e+04 1.095884139114906788e+08
1.940000000000000000e+04 9.691808604213121533e+07
1.970000000000000000e+04 8.571266858243168890e+07
2.000000000000000000e+04 7.580279239447748661e+07
2.030000000000000000e+04 6.703867036031125486e+07
2.060000000000000000e+04 5.928783335963089764e+07
2.090000000000000000e+04 5.243312800786647201e+07
2.120000000000000000e+04 4.637094589058236778e+07
2.150000000000000000e+04 4.100965752920020372e+07
2.180000000000000000e+04 3.626822740753813833e+07
2.210000000000000000e+04 3.207498912538599968e+07
2.240000000000000000e+04 2.836656216564358398e+07
2.270000000000000000e+04 2.508689390202994272e+07
2.300000000000000000e+04 2.218641236737361178e+07
2.330000000000000000e+04 1.962127697663352638e+07
2.360000000000000000e+04 1.735271587937875837e+07
2.390000000000000000e+04 1.510822865783401765e+07
2.420000000000000000e+04 1.336145448903716356e+07
2.450000000000000000e+04 1.181663781412518211e+07
2.480000000000000000e+04 1.045042883203919232e+07
2.510000000000000000e+04 9.242177385090734810e+06
2.540000000000000000e+04 8.173620833205087110e+06
2.570000000000000000e+04 7.228608015333872288e+06
2.600000000000000000e+04 6.392855125732492656e+06
2.630000000000000000e+04 5.653729815188566223e+06
2.660000000000000000e+04 5.000060253905681893e+06
2.690000000000000000e+04 4.421966270040699281e+06
2.720000000000000000e+04 3.910710011565094814e+06
2.750000000000000000e+04 3.458563874213979114e+06
2.780000000000000000e+04 3.058693699262766633e+06
2.810000000000000000e+04 2.705055475673701148e+06
2.840000000000000000e+04 2.392303985271863639e+06
2.870000000000000000e+04 2.115712010128843132e+06
2.900000000000000000e+04 1.871098880978855304e+06
2.930000000000000000e+04 1.654767286681475816e+06
2.960000000000000000e+04 1.463447389610254439e+06
2.990000000000000000e+04 1.294247402274952969e+06
3.020000000000000000e+04 1.144609878146399511e+06
3.050000000000000000e+04 1.012273056022707024e+06
3.080000000000000000e+04 8.952366736594685353e+05
3.110000000000000000e+04 7.917317339392764261e+05
3.140000000000000000e+04 7.001937665982308099e+05
3.170000000000000000e+04 6.192391813621798065e+05
3.200000000000000000e+04 5.476443550719716586e+05
3.230000000000000000e+04 4.843271367009682581e+05
3.260000000000000000e+04 4.283304907144171302e+05
3.290000000000000000e+04 3.788080315411458723e+05
3.320000000000000000e+04 3.350112305120757665e+05
3.350000000000000000e+04 2.962781018992842874e+05
3.380000000000000000e+04 2.620231970458631113e+05
3.410000000000000000e+04 2.317287553484937234e+05
3.440000000000000000e+04 2.049368783404429560e+05
3.470000000000000000e+04 1.812426085867660004e+05
3.500000000000000000e+04 1.602878087796715554e+05
3.530000000000000000e+04 1.417557485169880965e+05
3.560000000000000000e+04 1.253663169432515569e+05
3.590000000000000000e+04 1.108717888927959430e+05
