3.500000000000000000e+03 6.855963605026665846e+02
3.800000000000000000e+03 6.063294894571175746e+02
4.100000000000000000e+03 5.362272482248672532e+02
4.400000000000000000e+03 4.742300461029274743e+02
4.700000000000000000e+03 4.194007995141552669e+02
5.000000000000000000e+03 3.709107680514528624e+02
5.300000000000000000e+03 3.280270281217602246e+02
5.600000000000000000e+03 2.901013948548066992e+02
5.900000000000000000e+03 2.565606248320049190e+02
6.200000000000000000e+03 2.268977515503945028e+02
6.500000000000000000e+03 2.006644226577447228e+02
6.800000000000000000e+03 1.774641231366402110e+02
7.100000000000000000e+03 3.125907211032027249e+02
7.400000000000000000e+03 2.764497935732550218e+02
7.700000000000000000e+03 2.444873862441476717e+02
8.000000000000000000e+03 2.162203894598162890e+02
8.300000000000000000e+03 1.912215494482335316e+02
8.600000000000000000e+03 1.691130104091260478e+02
8.900000000000000000e+03 1.495606032487432344e+02
9.200000000000000000e+03 1.322687946362811431e+02
9.500000000000000000e+03 1.169762200372893801e+02
9.800000000000000000e+03 1.034517332061556232e+02
1.010000000000000000e+04 1.217707256791746628e+00
1.040000000000000000e+04 1.076919105546937372e+00
1.070000000000000000e+04 9.524085147916280247e-01
1.100000000000000000e+04 8.422935152468237208e-01
1.130000000000000000e+04 7.449097260350190375e-01
1.160000000000000000e+04 6.587851976741900817e-01
1.190000000000000000e+04 5.826181636594970348e-01
1.220000000000000000e+04 5.152573643493431055e-01
1.250000000000000000e+04 4.556846457526405048e-01
1.280000000000000000e+04 4.029995701991062607e-01
1.310000000000000000e+04 1.511114593199570921e-01
1.340000000000000000e+04 1.336403447553501100e-01
1.370000000000000000e+04 1.181891950928310037e-01
1.400000000000000000e+04 1.045244672352737825e-01
1.430000000000000000e+04 9.243961973204536942e-02
1.460000000000000000e+04 8.175199091874871260e-02
1.490000000000000000e+04 7.230003799834203160e-02
1.520000000000000000e+04 6.394089533253065338e-02
1.550000000000000000e+04 5.654821503716767755e-02
1.580000000000000000e+04 5.001025724240813763e-02
1.610000000000000000e+04 4.422820115202540092e-02
1.640000000000000000e+04 3.911465137366343381e-02
1.670000000000000000e+04 3.459231694330771462e-02
1.700000000000000000e+04 6.158761867622005587e-02
1.730000000000000000e+04 5.446701811756032852e-02
1.760000000000000000e+04 4.816968290680342935e-02
1.790000000000000000e+04 4.260042924203905068e-02
1.820000000000000000e+04 3.767507822538850720e-02
1.850000000000000000e+04 3.331918350457455102e-02
1.880000000000000000e+04 2.946690602126982028e-02
1.910000000000000000e+04 2.606001885811920146e-02
1.940000000000000000e+04 2.304702714276562689e-02
1.970000000000000000e+04 2.038238970628704697e-02
2.000000000000000000e+04 1.802583073146429501e-02
2.030000000000000000e+04 1.594173098648859338e-02
2.060000000000000000e+04 1.409858944264735271e-02
2.090000000000000000e+04 1.246854713837505964e-02
2.120000000000000000e+04 1.102696609290641956e-02
2.150000000000000000e+04 9.752056904839555979e-03
2.180000000000000000e+04 8.624549406786313419e-03
2.210000000000000000e+04 7.627401398076841255e-03
2.240000000000000000e+04 6.745541053032540896e-03
2.270000000000000000e+04 5.965639111325681324e-03
2.300000000000000000e+04 5.275907407098094637e-03
2.330000000000000000e+04 4.665920691620078532e-03
2.360000000000000000e+04 4.126459056350840517e-03
2.390000000000000000e+04 7.974222991363535962e-04
2.420000000000000000e+04 7.052264034228135879e-04
2.450000000000000000e+04 6.236899577843809652e-04
2.480000000000000000e+04 5.515805442807114036e-04
2.510000000000000000e+04 4.878082339337356122e-04
2.540000000000000000e+04 4.314091125238252752e-04
2.570000000000000000e+04 3.815307110906142763e-04
2.600000000000000000e+04 3.374191209214905292e-04
2.630000000000000000e+04 2.984075982716668986e-04
2.660000000000000000e+04 2.639064865769237219e-04
2.690000000000000000e+04 2.333943038339470919e-04
2.720000000000000000e+04 2.064098604346165772e-04
2.750000000000000000e+04 1.825452883158199978e-04
2.780000000000000000e+04 1.614398760608690142e-04
2.810000000000000000e+04 1.427746167704846186e-04
2.840000000000000000e+04 1.262673862947771473e-04
2.870000000000000000e+04 1.116686789455310241e-04
2.900000000000000000e+04 9.875783623435868534e-05
2.930000000000000000e+04 8.733971163435807518e-05
2.960000000000000000e+04 7.724172095336871550e-05
2.990000000000000000e+04 6.831123373541178004e-05
3.020000000000000000e+04 6.041326626152199175e-05
3.050000000000000000e+04 5.342844127983528826e-05
3.080000000000000000e+04 4.725118362638416387e-05
3.110000000000000000e+04 4.178812446353204435e-05
3.140000000000000000e+04 3.695669001621743245e-05
3.170000000000000000e+04 3.268385347484775309e-05
3.200000000000000000e+04 2.890503119994113451e-05
3.230000000000000000e+04 2.556310654472066676e-05
3.260000000000000000e+04 2.260756654080589207e-05
3.290000000000000000e+04 1.999373839806333207e-05
3.320000000000000000e+04 1.768211427836157549e-05
3.350000000000000000e+04 1.563775413723140812e-05
3.380000000000000000e+04 1.382975760742324901e-05
3.410000000000000000e+04 1.223079694191583371e-05
3.440000000000000000e+04 1.081670395684175220e-05
3.470000000000000000e+04 9.566104730999559641e-06
3.500000000000000000e+04 8.460096540459581709e-06
3.530000000000000000e+04 7.481962145151774655e-06
3.560000000000000000e+04 6.616917108896640205e-06
3.590000000000000000e+04 5.851886333637793057e-06
