3.500000000000000000e+03 2.063023363932304764e+10
3.800000000000000000e+03 1.824501959249117661e+10
4.100000000000000000e+03 1.613557780052897453e+10
4.400000000000000000e+03 1.427002419137299728e+10
4.700000000000000000e+03 1.262016104658457565e+10
5.000000000000000000e+03 1.116105079471533966e+10
5.300000000000000000e+03 9.870639081577192307e+09
5.600000000000000000e+03 8.729421420148996353e+09
5.900000000000000000e+03 7.720148381555452347e+09
6.200000000000000000e+03 6.827564871099554062e+09
6.500000000000000000e+03 6.038179548523203850e+09
6.800000000000000000e+03 5.340060907298592567e+09
7.100000000000000000e+03 4.840442355513553619e+09
7.400000000000000000e+03 4.280802978611676693e+09
7.700000000000000000e+03 3.785867653359621048e+09
8.000000000000000000e+03 3.348155465310155869e+09
8.300000000000000000e+03 2.961050423920197964e+09
8.600000000000000000e+03 2.618701462294784546e+09
8.900000000000000000e+03 2.315933998701016426e+09
9.200000000000000000e+03 2.048171723110111713e+09
9.500000000000000000e+03 1.811367426576396942e+09
9.800000000000000000e+03 1.601941827943890572e+09
1.010000000000000000e+04 2.460438371831825256e+09
1.040000000000000000e+04 2.175968875826158524e+09
1.070000000000000000e+04 1.924389004321619272e+09
1.100000000000000000e+04 1.701896144331531525e+09
1.130000000000000000e+04 1.505127331109221697e+09
1.160000000000000000e+04 1.331108417160068750e+09
1.190000000000000000e+04 1.177209118200383902e+09
1.220000000000000000e+04 1.041103256585805655e+09
1.250000000000000000e+04 9.207336012912784815e+08
1.280000000000000000e+04 8.142807730012495518e+08
1.310000000000000000e+04 1.284733334375104666e+09
1.340000000000000000e+04 1.136195802073789358e+09
1.370000000000000000e+04 1.004831793578403711e+09
1.400000000000000000e+04 8.886557506576846838e+08
1.430000000000000000e+04 7.859116801675465107e+08
1.460000000000000000e+04 6.950466123317770958e+08
1.490000000000000000e+04 6.146871277073913813e+08
1.520000000000000000e+04 5.436185980413109064e+08
1.550000000000000000e+04 4.807668272452858686e+08
1.580000000000000000e+04 4.251818149936318994e+08
1.610000000000000000e+04 3.760233975316398144e+08
1.640000000000000000e+04 3.325485486564266086e+08
1.670000000000000000e+04 2.941001489254148006e+08
1.700000000000000000e+04 2.566262622026524842e+08
1.730000000000000000e+04 2.269558000986756682e+08
1.760000000000000000e+04 2.007157597835971713e+08
1.790000000000000000e+04 1.775095247972986996e+08
1.820000000000000000e+04 1.569863344449639916e+08
1.850000000000000000e+04 1.388359820725582838e+08
1.880000000000000000e+04 1.227841263139324784e+08
1.910000000000000000e+04 1.085881444393626004e+08
1.940000000000000000e+04 9.603346512916387618e+07
1.970000000000000000e+04 8.493032524249723554e+07
2.000000000000000000e+04 7.511090156014624238e+07
2.030000000000000000e+04 6.642677414774598181e+07
2.060000000000000000e+04 5.874668299836961925e+07
2.090000000000000000e+04 5.195454404627347738e+07
2.120000000000000000e+04 4.594769456398215145e+07
2.150000000000000000e+04 4.063534142200646549e+07
2.180000000000000000e+04 3.593718875674373657e+07
2.210000000000000000e+04 3.178222430385225639e+07
2.240000000000000000e+04 2.810764605260966346e+07
2.270000000000000000e+04 2.485791299770748615e+07
2.300000000000000000e+04 2.198390564065839350e+07
2.330000000000000000e+04 1.944218355185098574e+07
2.360000000000000000e+04 1.719432877135223523e+07
2.390000000000000000e+04 1.539662426956181601e+07
2.420000000000000000e+04 1.361650654895822890e+07
2.450000000000000000e+04 1.204220141712263785e+07
2.480000000000000000e+04 1.064991335693556257e+07
2.510000000000000000e+04 9.418598027181562036e+06
2.540000000000000000e+04 8.329644178734806366e+06
2.570000000000000000e+04 7.366592346769162454e+06
2.600000000000000000e+04 6.514886067044518888e+06
2.630000000000000000e+04 5.761651855920294300e+06
2.660000000000000000e+04 5.095504628508344293e+06
2.690000000000000000e+04 4.506375613873790950e+06
2.720000000000000000e+04 3.985360166233660188e+06
2.750000000000000000e+04 3.524583171829415020e+06
2.780000000000000000e+04 3.117080017107476015e+06
2.810000000000000000e+04 2.756691319049690384e+06
2.840000000000000000e+04 2.437969826509551611e+06
2.870000000000000000e+04 2.156098085374306887e+06
2.900000000000000000e+04 1.906815623067167122e+06
2.930000000000000000e+04 1.686354551788308891e+06
2.960000000000000000e+04 1.491382617141991388e+06
2.990000000000000000e+04 1.318952831333485199e+06
3.020000000000000000e+04 1.166458929645004682e+06
3.050000000000000000e+04 1.031595976918258704e+06
3.080000000000000000e+04 9.123255286131768953e+05
3.110000000000000000e+04 8.068448198545688065e+05
3.140000000000000000e+04 7.135595167612313526e+05
3.170000000000000000e+04 6.310596181955982465e+05
3.200000000000000000e+04 5.580981436905573355e+05
3.230000000000000000e+04 4.935722854228088399e+05
3.260000000000000000e+04 4.365067393461320898e+05
3.290000000000000000e+04 3.860389635357490624e+05
3.320000000000000000e+04 3.414061409246286494e+05
3.350000000000000000e+04 3.019336493743676692e+05
3.380000000000000000e+04 2.670248648065461311e+05
3.410000000000000000e+04 2.361521432695520925e+05
3.440000000000000000e+04 2.088488456354263762e+05
3.470000000000000000e+04 1.847022843805539887e+05
3.500000000000000000e+04 1.633474858412543254e+05
3.530000000000000000e+04 1.444616736611836241e+05
3.560000000000000000e+04 1.277593900482288882e+05
3.590000000000000000e+04 1.129881810990069207e+05
