3.500000000000000000e+03 6.435086791867436204e+02
3.800000000000000000e+03 5.691078765739812297e+02
4.100000000000000000e+03 5.033091015770995682e+02
4.400000000000000000e+03 4.451178100983755712e+02
4.700000000000000000e+03 3.936544446463241798e+02
5.000000000000000000e+03 3.481411398828490746e+02
5.300000000000000000e+03 3.078899652405108327e+02
5.600000000000000000e+03 2.722925268978619329e+02
5.900000000000000000e+03 2.408107719473913733e+02
6.200000000000000000e+03 2.129688557616961475e+02
6.500000000000000000e+03 1.883459496336598988e+02
6.800000000000000000e+03 1.665698799785982942e+02
7.100000000000000000e+03 2.169586517499796798e+02
7.400000000000000000e+03 1.918744557693113677e+02
7.700000000000000000e+03 1.696904293966367732e+02
8.000000000000000000e+03 1.500712625521904044e+02
8.300000000000000000e+03 1.327204128369943419e+02
8.600000000000000000e+03 1.173756233142659084e+02
8.900000000000000000e+03 1.038049585133015000e+02
9.200000000000000000e+03 9.180329874029803250e+01
9.500000000000000000e+03 8.118923970785527899e+01
9.800000000000000000e+03 7.180235062126469359e+01
1.010000000000000000e+04 8.094586623285857652e-01
1.040000000000000000e+04 7.158711535552617633e-01
1.070000000000000000e+04 6.331039895456846978e-01
1.100000000000000000e+04 5.599061501333720825e-01
1.130000000000000000e+04 4.951712548552060222e-01
1.160000000000000000e+04 4.379208400844911142e-01
1.190000000000000000e+04 3.872895696184618930e-01
1.220000000000000000e+04 3.425121551792651431e-01
1.250000000000000000e+04 3.029117891326570944e-01
1.280000000000000000e+04 2.678899145857291386e-01
1.310000000000000000e+04 1.221848148323838867e-01
1.340000000000000000e+04 1.080581237951943191e-01
1.370000000000000000e+04 9.556472409567190462e-02
1.400000000000000000e+04 8.451577883020823523e-02
1.430000000000000000e+04 7.474428392767339113e-02
1.460000000000000000e+04 6.610254389401444552e-02
1.490000000000000000e+04 5.845993940470835953e-02
1.520000000000000000e+04 5.170095300237959046e-02
1.550000000000000000e+04 4.572342305813237306e-02
1.580000000000000000e+04 4.043699960534044568e-02
1.610000000000000000e+04 3.576177870592472940e-02
1.640000000000000000e+04 3.162709470765551201e-02
1.670000000000000000e+04 2.797045213753011558e-02
1.700000000000000000e+04 1.821233492516786609e-02
1.730000000000000000e+04 1.610667204957561688e-02
1.760000000000000000e+04 1.424446044829088577e-02
1.790000000000000000e+04 1.259755291710116902e-02
1.820000000000000000e+04 1.114105655846063352e-02
1.850000000000000000e+04 9.852956527003093462e-03
1.880000000000000000e+04 8.713783276621879167e-03
1.910000000000000000e+04 7.706318279578381475e-03
1.940000000000000000e+04 6.815333769603116286e-03
1.970000000000000000e+04 6.027362575223644409e-03
2.000000000000000000e+04 5.330494564365584505e-03
2.030000000000000000e+04 4.714196623500240511e-03
2.060000000000000000e+04 4.169153450335814741e-03
2.090000000000000000e+04 3.687126753644228393e-03
2.120000000000000000e+04 3.260830732038415281e-03
2.150000000000000000e+04 2.883821949570051450e-03
2.180000000000000000e+04 2.550401943624727285e-03
2.210000000000000000e+04 2.255531093039411100e-03
2.240000000000000000e+04 1.994752444564531265e-03
2.270000000000000000e+04 1.764124346312724752e-03
2.300000000000000000e+04 1.560160869953314136e-03
2.330000000000000000e+04 1.379779121137976851e-03
2.360000000000000000e+04 1.220252641758191306e-03
2.390000000000000000e+04 6.702384558477608809e-04
2.420000000000000000e+04 5.927472258615048683e-04
2.450000000000000000e+04 5.242153306797358399e-04
2.480000000000000000e+04 4.636069152753366203e-04
2.510000000000000000e+04 4.100058874898161905e-04
2.540000000000000000e+04 3.626020713614122853e-04
2.570000000000000000e+04 3.206789613694334103e-04
2.600000000000000000e+04 2.836028925010768815e-04
2.630000000000000000e+04 2.508134624470059943e-04
2.660000000000000000e+04 2.218150611578018213e-04
2.690000000000000000e+04 1.961693797311021381e-04
2.720000000000000000e+04 1.734887854017653965e-04
2.750000000000000000e+04 1.534304624984643580e-04
2.780000000000000000e+04 1.356912308076661507e-04
2.810000000000000000e+04 1.200029630249186470e-04
2.840000000000000000e+04 1.061285320285144896e-04
2.870000000000000000e+04 9.385822671885700767e-05
2.900000000000000000e+04 8.300658224916831075e-05
2.930000000000000000e+04 7.340957673669370944e-05
2.960000000000000000e+04 6.492215208287916719e-05
2.990000000000000000e+04 5.741602142988099579e-05
3.020000000000000000e+04 5.077773011326135828e-05
3.050000000000000000e+04 4.490694080229922441e-05
3.080000000000000000e+04 3.971491690792492470e-05
3.110000000000000000e+04 3.512318133509153715e-05
3.140000000000000000e+04 3.106233030671553397e-05
3.170000000000000000e+04 2.747098433021204176e-05
3.200000000000000000e+04 2.429486045055682887e-05
3.230000000000000000e+04 2.148595176703941651e-05
3.260000000000000000e+04 1.900180181215910426e-05
3.290000000000000000e+04 1.680486282494923135e-05
3.320000000000000000e+04 1.486192821907307855e-05
3.350000000000000000e+04 1.314363066748492488e-05
3.380000000000000000e+04 1.162399821723973467e-05
3.410000000000000000e+04 1.028006172515557371e-05
3.440000000000000000e+04 9.091507680745610938e-06
3.470000000000000000e+04 8.040371168861397508e-06
3.500000000000000000e+04 7.110764331197911004e-06
3.530000000000000000e+04 6.288636222374374715e-06
3.560000000000000000e+04 5.561560430831614477e-06
3.590000000000000000e+04 4.918547254449612816e-06
