3.500000000000000000e+03 2.049614211662818146e+10
3.800000000000000000e+03 1.812643138348070526e+10
4.100000000000000000e+03 1.603070045232917786e+10
4.400000000000000000e+03 1.417727248985728836e+10
4.700000000000000000e+03 1.253813305596766663e+10
5.000000000000000000e+03 1.108850666738730240e+10
5.300000000000000000e+03 9.806482317889488220e+09
5.600000000000000000e+03 8.672682294895378113e+09
5.900000000000000000e+03 7.669969286640117645e+09
6.200000000000000000e+03 6.783187352847957611e+09
6.500000000000000000e+03 5.998932843705319405e+09
6.800000000000000000e+03 5.305351804587406158e+09
7.100000000000000000e+03 5.903475926005340576e+09
7.400000000000000000e+03 5.220931367857340813e+09
7.700000000000000000e+03 4.617300839290672302e+09
8.000000000000000000e+03 4.083460505105971813e+09
8.300000000000000000e+03 3.611341404239525795e+09
8.600000000000000000e+03 3.193807487954693794e+09
8.900000000000000000e+03 2.824547758940965652e+09
9.200000000000000000e+03 2.497980881010320663e+09
9.500000000000000000e+03 2.209170817572824478e+09
9.800000000000000000e+03 1.953752223772612095e+09
1.010000000000000000e+04 2.435929553172343254e+09
1.040000000000000000e+04 2.154293703142765999e+09
1.070000000000000000e+04 1.905219858824142694e+09
1.100000000000000000e+04 1.684943285663652182e+09
1.130000000000000000e+04 1.490134517942306042e+09
1.160000000000000000e+04 1.317849034122567177e+09
1.190000000000000000e+04 1.165482750601596594e+09
1.220000000000000000e+04 1.030732661161194324e+09
1.250000000000000000e+04 9.115620271823369265e+08
1.280000000000000000e+04 8.061695924767267704e+08
1.310000000000000000e+04 1.283388189443984032e+09
1.340000000000000000e+04 1.135006179306926489e+09
1.370000000000000000e+04 1.003779711906981945e+09
1.400000000000000000e+04 8.877253079373749495e+08
1.430000000000000000e+04 7.850888128186579943e+08
1.460000000000000000e+04 6.943188827691863775e+08
1.490000000000000000e+04 6.140435363472723961e+08
1.520000000000000000e+04 5.430494170431594849e+08
1.550000000000000000e+04 4.802634534762582183e+08
1.580000000000000000e+04 4.247366399927656651e+08
1.610000000000000000e+04 3.756296925084736943e+08
1.640000000000000000e+04 3.322003627857812047e+08
1.670000000000000000e+04 2.937922194010662436e+08
1.700000000000000000e+04 2.587022920762335360e+08
1.730000000000000000e+04 2.287918047886994779e+08
1.760000000000000000e+04 2.023394903785594404e+08
1.790000000000000000e+04 1.789455238768993318e+08
1.820000000000000000e+04 1.582563070395629406e+08
1.850000000000000000e+04 1.399591237332623899e+08
1.880000000000000000e+04 1.237774132520712316e+08
1.910000000000000000e+04 1.094665901207902730e+08
1.940000000000000000e+04 9.681034720179527998e+07
1.970000000000000000e+04 8.561738622707074881e+07
2.000000000000000000e+04 7.571852633764204383e+07
2.030000000000000000e+04 6.696414692616973072e+07
2.060000000000000000e+04 5.922192613144420832e+07
2.090000000000000000e+04 5.237484080227413774e+07
2.120000000000000000e+04 4.631939770035747439e+07
2.150000000000000000e+04 4.096406920688388497e+07
2.180000000000000000e+04 3.622790988867763430e+07
2.210000000000000000e+04 3.203933301337141916e+07
2.240000000000000000e+04 2.833502852071878314e+07
2.270000000000000000e+04 2.505900609525401145e+07
2.300000000000000000e+04 2.216174887640623376e+07
2.330000000000000000e+04 1.959946501445286721e+07
2.360000000000000000e+04 1.733342575963050872e+07
2.390000000000000000e+04 1.550729190681868233e+07
2.420000000000000000e+04 1.371437908134475164e+07
2.450000000000000000e+04 1.212875818144134991e+07
2.480000000000000000e+04 1.072646265290899202e+07
2.510000000000000000e+04 9.486296892315329984e+06
2.540000000000000000e+04 8.389515876862388104e+06
2.570000000000000000e+04 7.419541834616514854e+06
2.600000000000000000e+04 6.561713672590680420e+06
2.630000000000000000e+04 5.803065375301413238e+06
2.660000000000000000e+04 5.132130024309112690e+06
2.690000000000000000e+04 4.538766476510173641e+06
2.720000000000000000e+04 4.014006081435125787e+06
2.750000000000000000e+04 3.549917120694607496e+06
2.780000000000000000e+04 3.139484920584652573e+06
2.810000000000000000e+04 2.776505825761324260e+06
2.840000000000000000e+04 2.455493431403691415e+06
2.870000000000000000e+04 2.171595656570750754e+06
2.900000000000000000e+04 1.920521405321430415e+06
2.930000000000000000e+04 1.698475707085494185e+06
2.960000000000000000e+04 1.502102355936380802e+06
2.990000000000000000e+04 1.328433181762344670e+06
3.020000000000000000e+04 1.174843186573075829e+06
3.050000000000000000e+04 1.039010867830088595e+06
3.080000000000000000e+04 9.188831290905972710e+05
3.110000000000000000e+04 8.126442475916455733e+05
3.140000000000000000e+04 7.186884297216018895e+05
3.170000000000000000e+04 6.355955395567492815e+05
3.200000000000000000e+04 5.621096336014838889e+05
3.230000000000000000e+04 4.971199772860959638e+05
3.260000000000000000e+04 4.396442562877928722e+05
3.290000000000000000e+04 3.888137289151998702e+05
3.320000000000000000e+04 3.438600951356050791e+05
3.350000000000000000e+04 3.041038837711804081e+05
3.380000000000000000e+04 2.689441823374282103e+05
3.410000000000000000e+04 2.378495542910350778e+05
3.440000000000000000e+04 2.103500064019450801e+05
3.470000000000000000e+04 1.860298848370222840e+05
3.500000000000000000e+04 1.645215925800696423e+05
3.530000000000000000e+04 1.455000332274335378e+05
3.560000000000000000e+04 1.286776971775369166e+05
3.590000000000000000e+04 1.138003159424152691e+05
