3.500000000000000000e+03 6.440048779791173956e+02
3.800000000000000000e+03 5.695467061503645709e+02
4.100000000000000000e+03 5.036971948172853786e+02
4.400000000000000000e+03 4.454610330058179670e+02
4.700000000000000000e+03 3.939579850123888036e+02
5.000000000000000000e+03 3.484095856999338139e+02
5.300000000000000000e+03 3.081273740492458160e+02
5.600000000000000000e+03 2.725024871165646800e+02
5.900000000000000000e+03 2.409964571107708764e+02
6.200000000000000000e+03 2.131330724886185521e+02
6.500000000000000000e+03 1.884911800490053508e+02
6.800000000000000000e+03 1.666983192304132899e+02
7.100000000000000000e+03 7.009969708270430999e+01
7.400000000000000000e+03 6.199495212035824210e+01
7.700000000000000000e+03 5.482725672653140236e+01
8.000000000000000000e+03 4.848827166316733894e+01
8.300000000000000000e+03 4.288218359361015786e+01
8.600000000000000000e+03 3.792425687040808668e+01
8.900000000000000000e+03 3.353955276165106625e+01
9.200000000000000000e+03 2.966179675703345708e+01
9.500000000000000000e+03 2.623237683304903811e+01
9.800000000000000000e+03 2.319945753616276107e+01
1.010000000000000000e+04 8.578420139015849877e-01
1.040000000000000000e+04 7.586605476471032228e-01
1.070000000000000000e+04 6.709461849955898893e-01
1.100000000000000000e+04 5.933731292028857629e-01
1.130000000000000000e+04 5.247688687019489429e-01
1.160000000000000000e+04 4.640964546686859871e-01
1.190000000000000000e+04 4.104388276095994881e-01
1.220000000000000000e+04 3.629849560686785326e-01
1.250000000000000000e+04 3.210175779410079366e-01
1.280000000000000000e+04 2.839023591038663530e-01
1.310000000000000000e+04 1.026318285532190067e-01
1.340000000000000000e+04 9.076580302016015733e-02
1.370000000000000000e+04 8.027169654901475382e-02
1.400000000000000000e+04 7.099089142004204323e-02
1.430000000000000000e+04 6.278310888240538901e-02
1.460000000000000000e+04 5.552428885020525146e-02
1.490000000000000000e+04 4.910471474255078544e-02
1.520000000000000000e+04 4.342735512475408288e-02
1.550000000000000000e+04 3.840639708466288965e-02
1.580000000000000000e+04 3.396594917621413579e-02
1.610000000000000000e+04 3.003889432528605852e-02
1.640000000000000000e+04 2.656587535959676824e-02
1.670000000000000000e+04 2.349439782900230797e-02
1.700000000000000000e+04 7.618502750005039063e-03
1.730000000000000000e+04 6.737671243545403227e-03
1.760000000000000000e+04 5.958679188777431766e-03
1.790000000000000000e+04 5.269752172723378945e-03
1.820000000000000000e+04 4.660477109461663367e-03
1.850000000000000000e+04 4.121644847027284078e-03
1.880000000000000000e+04 3.645110971693807898e-03
1.910000000000000000e+04 3.223672705702828548e-03
1.940000000000000000e+04 2.850960037758309105e-03
1.970000000000000000e+04 2.521339440730472562e-03
2.000000000000000000e+04 2.229828721268797831e-03
2.030000000000000000e+04 1.972021714281647301e-03
2.060000000000000000e+04 1.744021684044646994e-03
2.090000000000000000e+04 1.542382425299967247e-03
2.120000000000000000e+04 1.364056174093593700e-03
2.150000000000000000e+04 1.206347541026336987e-03
2.180000000000000000e+04 1.066872770622743095e-03
2.210000000000000000e+04 9.435237110259900783e-04
2.240000000000000000e+04 8.344359494231125187e-04
2.270000000000000000e+04 7.379606315696206733e-04
2.300000000000000000e+04 6.526395394675086389e-04
2.330000000000000000e+04 5.771830504974267625e-04
2.360000000000000000e+04 5.104506448587622751e-04
2.390000000000000000e+04 6.796600587332388751e-04
2.420000000000000000e+04 6.010795274846219768e-04
2.450000000000000000e+04 5.315842732240679209e-04
2.480000000000000000e+04 4.701238798162040745e-04
2.510000000000000000e+04 4.157693775118128494e-04
2.540000000000000000e+04 3.676992016320081050e-04
2.570000000000000000e+04 3.251867746728775359e-04
2.600000000000000000e+04 2.875895241349455561e-04
2.630000000000000000e+04 2.543391700826839043e-04
2.660000000000000000e+04 2.249331356311673718e-04
2.690000000000000000e+04 1.989269505299594157e-04
2.720000000000000000e+04 1.759275330249108148e-04
2.750000000000000000e+04 1.555872484536469785e-04
2.780000000000000000e+04 1.375986547708204957e-04
2.810000000000000000e+04 1.216898555820927698e-04
2.840000000000000000e+04 1.076203904482565474e-04
2.870000000000000000e+04 9.517760034172937267e-05
2.900000000000000000e+04 8.417341331952706376e-05
2.930000000000000000e+04 7.444150182838264187e-05
2.960000000000000000e+04 6.583476867486778264e-05
2.990000000000000000e+04 5.822312366111930302e-05
3.020000000000000000e+04 5.149151728017049238e-05
3.050000000000000000e+04 4.553820175032371933e-05
3.080000000000000000e+04 4.027319310421231352e-05
3.110000000000000000e+04 3.561691108713225103e-05
3.140000000000000000e+04 3.149897630679808345e-05
3.170000000000000000e+04 2.785714645351944837e-05
3.200000000000000000e+04 2.463637551184010414e-05
3.230000000000000000e+04 2.178798174368337429e-05
3.260000000000000000e+04 1.926891186712644701e-05
3.290000000000000000e+04 1.704109030891438412e-05
3.320000000000000000e+04 1.507084369470850079e-05
3.350000000000000000e+04 1.332839187827788326e-05
3.380000000000000000e+04 1.178739781657459128e-05
3.410000000000000000e+04 1.042456948708353869e-05
3.440000000000000000e+04 9.219307830454886977e-06
3.470000000000000000e+04 8.153395397095273284e-06
3.500000000000000000e+04 7.210720991631590825e-06
3.530000000000000000e+04 6.377036153266884260e-06
3.560000000000000000e+04 5.639739791245374015e-06
3.590000000000000000e+04 4.987687720205591881e-06
