3.500000000000000000e+03 2.020596437505938339e+10
3.800000000000000000e+03 1.786980323894354630e+10
4.100000000000000000e+03 1.580374298752662277e+10
4.400000000000000000e+03 1.397655525783855438e+10
4.700000000000000000e+03 1.236062222915123367e+10
5.000000000000000000e+03 1.093151918145927811e+10
5.300000000000000000e+03 9.667645317465349197e+09
5.600000000000000000e+03 8.549897267969029427e+09
5.900000000000000000e+03 7.561380345714810371e+09
6.200000000000000000e+03 6.687153183320484161e+09
6.500000000000000000e+03 5.914001895505216599e+09
6.800000000000000000e+03 5.230240352094396591e+09
7.100000000000000000e+03 5.755648374453856468e+09
7.400000000000000000e+03 5.090195253980963707e+09
7.700000000000000000e+03 4.501680095443444252e+09
8.000000000000000000e+03 3.981207531452285290e+09
8.300000000000000000e+03 3.520910653899114132e+09
8.600000000000000000e+03 3.113832106164560318e+09
8.900000000000000000e+03 2.753818923136766911e+09
9.200000000000000000e+03 2.435429529553884506e+09
9.500000000000000000e+03 2.153851490956757545e+09
9.800000000000000000e+03 1.904828774062874794e+09
1.010000000000000000e+04 2.450758244750509262e+09
1.040000000000000000e+04 2.167407939903467178e+09
1.070000000000000000e+04 1.916817861581779242e+09
1.100000000000000000e+04 1.695200357456746340e+09
1.130000000000000000e+04 1.499205693727241278e+09
1.160000000000000000e+04 1.325871424116620064e+09
1.190000000000000000e+04 1.172577612694729328e+09
1.220000000000000000e+04 1.037007233720978379e+09
1.250000000000000000e+04 9.171111499547306299e+08
1.280000000000000000e+04 8.110771400825123787e+08
1.310000000000000000e+04 1.323664460071424007e+09
1.340000000000000000e+04 1.170625812102041483e+09
1.370000000000000000e+04 1.035281095244952679e+09
1.400000000000000000e+04 9.155845831273728609e+08
1.430000000000000000e+04 8.097270709479923248e+08
1.460000000000000000e+04 7.161085294670172930e+08
1.490000000000000000e+04 6.333139206708707809e+08
1.520000000000000000e+04 5.600918095669519901e+08
1.550000000000000000e+04 4.953354488271417618e+08
1.580000000000000000e+04 4.380660503757219911e+08
1.610000000000000000e+04 3.874179910728603005e+08
1.640000000000000000e+04 3.426257288785534501e+08
1.670000000000000000e+04 3.030122317357287407e+08
1.700000000000000000e+04 2.646294895549072027e+08
1.730000000000000000e+04 2.340337150848987401e+08
1.760000000000000000e+04 2.069753446169691384e+08
1.790000000000000000e+04 1.830453926852922440e+08
1.820000000000000000e+04 1.618821596616676152e+08
1.850000000000000000e+04 1.431657646897511780e+08
1.880000000000000000e+04 1.266133107072365582e+08
1.910000000000000000e+04 1.119746084756170511e+08
1.940000000000000000e+04 9.902839498652428389e+07
1.970000000000000000e+04 8.757898908610603213e+07
2.000000000000000000e+04 7.745333376743128896e+07
2.030000000000000000e+04 6.849838042536643147e+07
2.060000000000000000e+04 6.057877553711184114e+07
2.090000000000000000e+04 5.357481480272750556e+07
2.120000000000000000e+04 4.738063382261935622e+07
2.150000000000000000e+04 4.190260796419689804e+07
2.180000000000000000e+04 3.705793723179259896e+07
2.210000000000000000e+04 3.277339475024725869e+07
2.240000000000000000e+04 2.898421994557350129e+07
2.270000000000000000e+04 2.563313969319712743e+07
2.300000000000000000e+04 2.266950263849708438e+07
2.330000000000000000e+04 2.004851360495698825e+07
2.360000000000000000e+04 1.773055651805837452e+07
2.390000000000000000e+04 1.562594650121610425e+07
2.420000000000000000e+04 1.381931513962543383e+07
2.450000000000000000e+04 1.222156180513083562e+07
2.480000000000000000e+04 1.080853656259275973e+07
2.510000000000000000e+04 9.558881629666941240e+06
2.540000000000000000e+04 8.453708555348187685e+06
2.570000000000000000e+04 7.476312722292526625e+06
2.600000000000000000e+04 6.611920857639599591e+06
2.630000000000000000e+04 5.847467735978288576e+06
2.660000000000000000e+04 5.171398699335567653e+06
2.690000000000000000e+04 4.573495009291459806e+06
2.720000000000000000e+04 4.044719391429120209e+06
2.750000000000000000e+04 3.577079437534422148e+06
2.780000000000000000e+04 3.163506800878593698e+06
2.810000000000000000e+04 2.797750358628661372e+06
2.840000000000000000e+04 2.474281726542485412e+06
2.870000000000000000e+04 2.188211697809537873e+06
2.900000000000000000e+04 1.935216343015856575e+06
2.930000000000000000e+04 1.711471654239200056e+06
2.960000000000000000e+04 1.513595745424243622e+06
2.990000000000000000e+04 1.338597735400287202e+06
3.020000000000000000e+04 1.183832540911734570e+06
3.050000000000000000e+04 1.046960896361033083e+06
3.080000000000000000e+04 9.259139959650989622e+05
3.110000000000000000e+04 8.188622238938129740e+05
3.140000000000000000e+04 7.241874997487318469e+05
3.170000000000000000e+04 6.404588213857164374e+05
3.200000000000000000e+04 5.664106354129312094e+05
3.230000000000000000e+04 5.009237084356851992e+05
3.260000000000000000e+04 4.430082099182811799e+05
3.290000000000000000e+04 3.917887509614602895e+05
3.320000000000000000e+04 3.464911528575426782e+05
3.350000000000000000e+04 3.064307454308673623e+05
3.380000000000000000e+04 2.710020182937347563e+05
3.410000000000000000e+04 2.396694685972590814e+05
3.440000000000000000e+04 2.119595069415037578e+05
3.470000000000000000e+04 1.874532991032766586e+05
3.500000000000000000e+04 1.657804353847648308e+05
3.530000000000000000e+04 1.466133318956441071e+05
3.560000000000000000e+04 1.296622791444167524e+05
3.590000000000000000e+04 1.146710630987584445e+05
