3.500000000000000000e+03 8.838857894529812711e+02
3.800000000000000000e+03 7.816932094920930467e+02
4.100000000000000000e+03 6.913158702825307955e+02
4.400000000000000000e+03 6.113877243669812742e+02
4.700000000000000000e+03 5.407006631481948489e+02
5.000000000000000000e+03 4.781862564080734046e+02
5.300000000000000000e+03 4.228996030561479529e+02
5.600000000000000000e+03 3.740050490125881311e+02
5.900000000000000000e+03 3.307635563524917188e+02
6.200000000000000000e+03 2.925215327969157215e+02
6.500000000000000000e+03 2.587009527091524888e+02
6.800000000000000000e+03 2.287906202757625067e+02
7.100000000000000000e+03 2.160033728012570009e+01
7.400000000000000000e+03 1.910296236922514623e+01
7.700000000000000000e+03 1.689432746107141270e+01
8.000000000000000000e+03 1.494104918626234912e+01
8.300000000000000000e+03 1.321360387388593693e+01
8.600000000000000000e+03 1.168588130320258323e+01
8.900000000000000000e+03 1.033479004939925083e+01
9.200000000000000000e+03 9.139908458242716804e+00
9.500000000000000000e+03 8.083175974137253306e+00
9.800000000000000000e+03 7.148620156030744077e+00
1.010000000000000000e+04 9.954681531978833986e-01
1.040000000000000000e+04 8.803747100652018487e-01
1.070000000000000000e+04 7.785880719865861943e-01
1.100000000000000000e+04 6.885697407128992253e-01
1.130000000000000000e+04 6.089590951678457431e-01
1.160000000000000000e+04 5.385528257511107419e-01
1.190000000000000000e+04 4.762867463939650658e-01
1.220000000000000000e+04 4.212197094577798118e-01
1.250000000000000000e+04 3.725193803502076517e-01
1.280000000000000000e+04 3.294496568433065153e-01
1.310000000000000000e+04 7.195170284815138873e-02
1.340000000000000000e+04 6.363283378795039913e-02
1.370000000000000000e+04 5.627577076848775534e-02
1.400000000000000000e+04 4.976931227266959828e-02
1.430000000000000000e+04 4.401511361407271783e-02
1.460000000000000000e+04 3.892620046356553426e-02
1.490000000000000000e+04 3.442565423812121023e-02
1.520000000000000000e+04 3.044544948156286887e-02
1.550000000000000000e+04 2.692542566432817169e-02
1.580000000000000000e+04 2.381237786107552948e-02
1.610000000000000000e+04 2.105925256178448751e-02
1.640000000000000000e+04 1.862443646108828676e-02
1.670000000000000000e+04 1.647112747593745471e-02
1.700000000000000000e+04 5.541639564880221705e-03
1.730000000000000000e+04 4.900929587294856893e-03
1.760000000000000000e+04 4.334296833709949670e-03
1.790000000000000000e+04 3.833176687828600271e-03
1.820000000000000000e+04 3.389994752052072433e-03
1.850000000000000000e+04 2.998052360965017173e-03
1.880000000000000000e+04 2.651425331454272238e-03
1.910000000000000000e+04 2.344874419076038025e-03
1.940000000000000000e+04 2.073766127225379861e-03
1.970000000000000000e+04 1.834002672143908398e-03
2.000000000000000000e+04 1.621960045191461015e-03
2.030000000000000000e+04 1.434433236197082224e-03
2.060000000000000000e+04 1.268587789943956658e-03
2.090000000000000000e+04 1.121916963567750692e-03
2.120000000000000000e+04 9.922038373053291161e-04
2.150000000000000000e+04 8.774878059003252432e-04
2.180000000000000000e+04 7.760349441853863330e-04
2.210000000000000000e+04 6.863117989188597745e-04
2.240000000000000000e+04 6.069622107412710665e-04
2.270000000000000000e+04 5.367868159170120475e-04
2.300000000000000000e+04 4.747249180314282646e-04
2.330000000000000000e+04 4.198384556352208110e-04
2.360000000000000000e+04 3.712978235081780239e-04
2.390000000000000000e+04 6.852964174970335330e-04
2.420000000000000000e+04 6.060642250829918667e-04
2.450000000000000000e+04 5.359926530289165327e-04
2.480000000000000000e+04 4.740225741944050723e-04
2.510000000000000000e+04 4.192173149689937522e-04
2.540000000000000000e+04 3.707484975129835643e-04
2.570000000000000000e+04 3.278835188816128115e-04
2.600000000000000000e+04 2.899744777803822324e-04
2.630000000000000000e+04 2.564483815801840033e-04
2.660000000000000000e+04 2.267984855719089950e-04
2.690000000000000000e+04 2.005766335539467711e-04
2.720000000000000000e+04 1.773864839810783032e-04
2.750000000000000000e+04 1.568775192884388375e-04
2.780000000000000000e+04 1.387397478418909806e-04
2.810000000000000000e+04 1.226990184351422868e-04
2.840000000000000000e+04 1.085128765125349101e-04
2.870000000000000000e+04 9.596689948460218069e-05
2.900000000000000000e+04 8.487145574492169469e-05
2.930000000000000000e+04 7.505883840102523929e-05
2.960000000000000000e+04 6.638073039590017222e-05
2.990000000000000000e+04 5.870596270555937605e-05
3.020000000000000000e+04 5.191853172798738524e-05
3.050000000000000000e+04 4.591584589643004001e-05
3.080000000000000000e+04 4.060717501470149487e-05
3.110000000000000000e+04 3.591227887631706314e-05
3.140000000000000000e+04 3.176019443912186799e-05
3.170000000000000000e+04 2.808816322363868567e-05
3.200000000000000000e+04 2.484068272283481855e-05
3.230000000000000000e+04 2.196866748542799383e-05
3.260000000000000000e+04 1.942870719256234755e-05
3.290000000000000000e+04 1.718241051373307264e-05
3.320000000000000000e+04 1.519582482438495668e-05
3.350000000000000000e+04 1.343892301425552955e-05
3.380000000000000000e+04 1.188514962960537473e-05
3.410000000000000000e+04 1.051101948930497390e-05
3.440000000000000000e+04 9.295762707887518937e-06
3.470000000000000000e+04 8.221010760114771910e-06
3.500000000000000000e+04 7.270518841942537760e-06
3.530000000000000000e+04 6.429920331390419724e-06
3.560000000000000000e+04 5.686509638008405234e-06
3.590000000000000000e+04 5.029050158724117973e-06
